2 0.3546875 0.57421875 0.0234375 0.11328125
1 0.515625 0.453125 0.0515625 0.1953125
1 0.328125 0.447265625 0.065625 0.212890625
1 0.0796875 0.4609375 0.034375 0.099609375
1 0.103125 0.447265625 0.0265625 0.09375
1 0.0703125 0.44921875 0.021875 0.08203125
3 0.553125 0.478515625 0.0515625 0.05859375
3 0.2546875 0.455078125 0.0734375 0.0703125
2 0.0828125 0.521484375 0.021875 0.052734375
3 0.4125 0.443359375 0.0421875 0.033203125
3 0.553125 0.435546875 0.0625 0.091796875
3 0.5015625 0.44140625 0.028125 0.056640625
