2 0.1421875 0.552734375 0.16875 0.1328125
3 0.571875 0.455078125 0.0796875 0.072265625
3 0.153125 0.45703125 0.09375 0.08203125
3 0.559375 0.45703125 0.025 0.0546875
3 0.540625 0.45703125 0.0328125 0.048828125
3 0.2984375 0.443359375 0.040625 0.0625
3 0.33125 0.44921875 0.0203125 0.052734375
3 0.428125 0.45703125 0.0328125 0.03125
1 0.2203125 0.376953125 0.08125 0.17578125
3 0.528125 0.447265625 0.0296875 0.052734375
3 0.50625 0.45703125 0.025 0.03515625
3 0.4984375 0.455078125 0.01875 0.033203125
3 0.465625 0.453125 0.034375 0.029296875
1 0.41875 0.453125 0.0078125 0.01953125
3 0.346875 0.455078125 0.01875 0.044921875
3 0.365625 0.455078125 0.021875 0.0390625
3 0.384375 0.458984375 0.015625 0.02734375
3 0.396875 0.4609375 0.0125 0.0234375
