2 0.7828125 0.3984375 0.0328125 0.109375
2 0.665625 0.404296875 0.0140625 0.08203125
1 0.025 0.3671875 0.01875 0.09765625
2 0.7546875 0.400390625 0.0296875 0.10546875
2 0.725 0.408203125 0.0296875 0.099609375
2 0.678125 0.408203125 0.0265625 0.087890625
2 0.6296875 0.404296875 0.0359375 0.0859375
2 0.2 0.421875 0.01875 0.046875
2 0.1765625 0.41796875 0.021875 0.052734375
2 0.5734375 0.41015625 0.0203125 0.04296875
1 0.5546875 0.396484375 0.021875 0.060546875
3 0.4 0.40625 0.0234375 0.02734375
3 0.38125 0.40625 0.0234375 0.03125
3 0.3671875 0.41015625 0.021875 0.029296875
3 0.3421875 0.404296875 0.0265625 0.03515625
