3 0.15625 0.455078125 0.1375 0.0546875
3 0.278125 0.44140625 0.05 0.044921875
3 0.23125 0.4296875 0.078125 0.046875
3 0.328125 0.443359375 0.075 0.091796875
3 0.3984375 0.455078125 0.046875 0.04296875
3 0.296875 0.4609375 0.0734375 0.095703125
3 0.2328125 0.478515625 0.1046875 0.107421875
3 0.140625 0.494140625 0.153125 0.1484375
3 0.028125 0.51953125 0.1859375 0.22265625
3 0.0 0.52734375 0.0578125 0.294921875
3 0.0890625 0.4375 0.0859375 0.05078125
1 0.6578125 0.455078125 0.034375 0.14453125
1 0.640625 0.470703125 0.03125 0.126953125
1 0.6125 0.458984375 0.0328125 0.13671875
3 0.6953125 0.501953125 0.1734375 0.146484375
3 0.678125 0.47265625 0.096875 0.1171875
3 0.5765625 0.4375 0.0421875 0.046875
3 0.5234375 0.4375 0.0328125 0.0390625
3 0.434375 0.443359375 0.0296875 0.03515625
3 0.4640625 0.443359375 0.021875 0.03125
