1 0.071875 0.470703125 0.0609375 0.208984375
3 0.003125 0.486328125 0.0828125 0.193359375
3 0.1078125 0.47265625 0.0546875 0.15234375
3 0.140625 0.48828125 0.0921875 0.1171875
1 0.2828125 0.453125 0.0359375 0.1171875
2 0.2828125 0.490234375 0.034375 0.087890625
3 0.2203125 0.447265625 0.0671875 0.10546875
3 0.321875 0.4453125 0.0515625 0.046875
3 0.609375 0.439453125 0.078125 0.0546875
3 0.803125 0.4375 0.125 0.126953125
3 0.915625 0.779296875 0.0828125 0.21484375
3 0.6984375 0.45703125 0.0546875 0.064453125
3 0.95625 0.42578125 0.0421875 0.138671875
3 0.365625 0.4375 0.0328125 0.037109375
3 0.39375 0.435546875 0.028125 0.029296875
3 0.5921875 0.42578125 0.0703125 0.04296875
