1 0.3921875 0.38671875 0.0265625 0.078125
1 0.54375 0.396484375 0.0234375 0.08984375
1 0.565625 0.396484375 0.03125 0.087890625
3 0.5984375 0.39453125 0.090625 0.107421875
3 0.4125 0.400390625 0.0296875 0.046875
3 0.321875 0.404296875 0.06875 0.06640625
3 0.084375 0.392578125 0.059375 0.06640625
3 0.1640625 0.400390625 0.0625 0.060546875
3 0.0125 0.37890625 0.0953125 0.0859375
3 0.046875 0.359375 0.109375 0.08203125
3 0.2 0.39453125 0.121875 0.10546875
3 0.440625 0.40625 0.0234375 0.037109375
3 0.4453125 0.3984375 0.0296875 0.037109375
