2 0.5828125 0.453125 0.021875 0.064453125
2 0.5578125 0.458984375 0.0296875 0.08203125
2 0.5390625 0.46875 0.0234375 0.068359375
2 0.515625 0.4609375 0.0265625 0.087890625
2 0.490625 0.4609375 0.0265625 0.068359375
2 0.45625 0.458984375 0.0234375 0.044921875
2 0.4390625 0.4609375 0.0203125 0.044921875
2 0.11875 0.46875 0.021875 0.056640625
2 0.103125 0.46875 0.0203125 0.05859375
3 0.340625 0.453125 0.021875 0.02734375
3 0.3015625 0.45703125 0.01875 0.025390625
3 0.2828125 0.4609375 0.0203125 0.02734375
3 0.26875 0.4609375 0.01875 0.029296875
3 0.240625 0.4609375 0.0265625 0.03125
