3 0.003125 0.48046875 0.165625 0.1796875
3 0.2328125 0.48046875 0.034375 0.1171875
3 0.1578125 0.474609375 0.034375 0.06640625
3 0.2984375 0.45703125 0.0609375 0.05859375
3 0.3515625 0.44921875 0.046875 0.046875
3 0.65 0.484375 0.1984375 0.193359375
3 0.7078125 0.521484375 0.290625 0.318359375
3 0.8921875 0.740234375 0.1046875 0.255859375
3 0.4328125 0.431640625 0.0375 0.03515625
1 0.5546875 0.44921875 0.0921875 0.25
1 0.390625 0.453125 0.0875 0.265625
1 0.171875 0.44921875 0.0609375 0.181640625
2 0.178125 0.552734375 0.05625 0.14453125
2 0.425 0.587890625 0.034375 0.140625
3 0.7328125 0.427734375 0.0984375 0.052734375
3 0.759375 0.44140625 0.0875 0.04296875
3 0.6078125 0.439453125 0.11875 0.05859375
3 0.525 0.4375 0.046875 0.04296875
3 0.25 0.44921875 0.065625 0.056640625
3 0.0796875 0.443359375 0.0671875 0.04296875
3 0.0 0.455078125 0.0453125 0.0546875
1 0.0 0.5078125 0.0234375 0.26171875
