3 0.74375 0.515625 0.225 0.185546875
3 0.7015625 0.501953125 0.1234375 0.107421875
3 0.6453125 0.4609375 0.103125 0.10546875
3 0.4953125 0.443359375 0.0234375 0.03125
3 0.5484375 0.44921875 0.0296875 0.029296875
3 0.6140625 0.466796875 0.04375 0.0625
3 0.6015625 0.46484375 0.034375 0.056640625
3 0.59375 0.458984375 0.0265625 0.046875
3 0.578125 0.447265625 0.0453125 0.05859375
3 0.515625 0.443359375 0.0265625 0.025390625
1 0.3421875 0.4375 0.0125 0.04296875
1 0.409375 0.4375 0.0125 0.03515625
1 0.3546875 0.44140625 0.0109375 0.041015625
1 0.3625 0.439453125 0.0125 0.04296875
