2 0.253125 0.4453125 0.0984375 0.091796875
1 0.28125 0.400390625 0.0421875 0.13671875
1 0.4046875 0.41015625 0.05 0.1015625
2 0.396875 0.455078125 0.040625 0.076171875
2 0.096875 0.453125 0.0625 0.09765625
2 0.1765625 0.46875 0.0546875 0.08203125
1 0.134375 0.37109375 0.0578125 0.16015625
1 0.478125 0.373046875 0.05625 0.12890625
2 0.48125 0.462890625 0.05625 0.06640625
1 0.553125 0.384765625 0.04375 0.10546875
1 0.590625 0.3984375 0.021875 0.0625
1 0.6484375 0.40234375 0.040625 0.078125
2 0.6484375 0.453125 0.040625 0.046875
2 0.5390625 0.455078125 0.0421875 0.0546875
2 0.7921875 0.435546875 0.0515625 0.05078125
1 0.8 0.39453125 0.0359375 0.0625
3 0.2421875 0.38671875 0.0515625 0.05859375
3 0.3234375 0.369140625 0.1546875 0.099609375
