3 0.790625 0.3203125 0.2078125 0.388671875
3 0.7046875 0.41015625 0.1703125 0.177734375
3 0.578125 0.45703125 0.0671875 0.0703125
3 0.5078125 0.48828125 0.021875 0.0234375
3 0.453125 0.470703125 0.040625 0.044921875
3 0.4328125 0.486328125 0.01875 0.03125
3 0.415625 0.484375 0.021875 0.033203125
3 0.39375 0.4765625 0.0203125 0.041015625
3 0.325 0.474609375 0.053125 0.048828125
3 0.240625 0.462890625 0.084375 0.076171875
1 0.065625 0.44140625 0.025 0.12890625
3 0.0890625 0.4296875 0.15 0.1484375
3 0.565625 0.46875 0.01875 0.052734375
