3 0.234375 0.44140625 0.178125 0.13671875
3 0.0 0.591796875 0.05625 0.197265625
3 0.78125 0.4296875 0.0484375 0.0703125
1 0.88125 0.40625 0.0375 0.181640625
1 0.903125 0.353515625 0.0828125 0.29296875
1 0.8078125 0.404296875 0.075 0.251953125
1 0.6890625 0.408203125 0.0328125 0.109375
1 0.6125 0.408203125 0.03125 0.107421875
1 0.540625 0.43359375 0.0234375 0.044921875
1 0.134375 0.45703125 0.015625 0.041015625
1 0.1171875 0.443359375 0.01875 0.0625
1 0.103125 0.45703125 0.0203125 0.0625
3 0.4359375 0.4453125 0.04375 0.044921875
1 0.64375 0.408203125 0.025 0.04296875
1 0.6546875 0.4140625 0.028125 0.1015625
