3 0.0 0.48046875 0.1859375 0.232421875
3 0.15625 0.458984375 0.13125 0.171875
3 0.26875 0.474609375 0.0703125 0.0859375
3 0.30625 0.453125 0.06875 0.09765625
3 0.3734375 0.453125 0.0375 0.05859375
3 0.4671875 0.43359375 0.0375 0.046875
3 0.453125 0.447265625 0.046875 0.044921875
3 0.653125 0.474609375 0.0890625 0.140625
3 0.6765625 0.45703125 0.321875 0.345703125
3 0.853125 0.6953125 0.1453125 0.294921875
3 0.6390625 0.484375 0.065625 0.09375
3 0.609375 0.46484375 0.0421875 0.072265625
3 0.5953125 0.44140625 0.05625 0.076171875
3 0.515625 0.4296875 0.03125 0.03515625
1 0.5328125 0.439453125 0.01875 0.05078125
3 0.365625 0.462890625 0.025 0.056640625
3 0.3921875 0.44921875 0.03125 0.044921875
3 0.4140625 0.4453125 0.025 0.04296875
3 0.5671875 0.44921875 0.03125 0.05078125
1 0.9453125 0.412109375 0.0140625 0.037109375
1 0.9296875 0.412109375 0.0140625 0.03515625
3 0.6421875 0.42578125 0.05625 0.029296875
