1 0.61875 0.458984375 0.059375 0.123046875
1 0.821875 0.455078125 0.034375 0.107421875
1 0.8734375 0.455078125 0.0484375 0.107421875
1 0.9171875 0.462890625 0.04375 0.095703125
3 0.440625 0.478515625 0.0515625 0.056640625
3 0.18125 0.505859375 0.43125 0.16015625
3 0.9234375 0.5390625 0.075 0.15625
1 0.1890625 0.447265625 0.0203125 0.03515625
1 0.203125 0.443359375 0.01875 0.037109375
1 0.2171875 0.44921875 0.01875 0.033203125
1 0.2265625 0.455078125 0.01875 0.029296875
1 0.2421875 0.455078125 0.021875 0.02734375
