3 0.940625 0.630859375 0.0578125 0.169921875
3 0.75 0.47265625 0.246875 0.2265625
3 0.6578125 0.470703125 0.103125 0.103515625
3 0.6390625 0.462890625 0.06875 0.095703125
3 0.6234375 0.458984375 0.0609375 0.072265625
3 0.5921875 0.4453125 0.05 0.064453125
3 0.5484375 0.447265625 0.034375 0.029296875
3 0.4875 0.4375 0.0265625 0.029296875
1 0.525 0.4375 0.015625 0.0390625
1 0.4328125 0.435546875 0.0125 0.03515625
1 0.3890625 0.439453125 0.0140625 0.03515625
1 0.296875 0.44140625 0.015625 0.052734375
1 0.315625 0.443359375 0.0125 0.048828125
1 0.321875 0.44140625 0.0171875 0.048828125
