3 0.2640625 0.447265625 0.1546875 0.111328125
3 0.3890625 0.4296875 0.0734375 0.087890625
3 0.4578125 0.42578125 0.0421875 0.0703125
2 0.234375 0.484375 0.025 0.05859375
1 0.7046875 0.427734375 0.015625 0.021484375
1 0.69375 0.443359375 0.01875 0.046875
2 0.9828125 0.46484375 0.015625 0.044921875
1 0.778125 0.423828125 0.01875 0.0390625
1 0.5921875 0.4375 0.01875 0.041015625
1 0.5765625 0.435546875 0.015625 0.044921875
3 0.2984375 0.43359375 0.05625 0.021484375
1 0.234375 0.4296875 0.0296875 0.052734375
1 0.1375 0.41796875 0.01875 0.037109375
