3 0.0 0.52734375 0.209375 0.291015625
3 0.146875 0.447265625 0.2109375 0.2109375
3 0.34375 0.4609375 0.05625 0.1015625
3 0.38125 0.45703125 0.053125 0.087890625
3 0.4671875 0.435546875 0.034375 0.033203125
3 0.8765625 0.54296875 0.1203125 0.23828125
3 0.7828125 0.515625 0.16875 0.15234375
3 0.7125 0.4921875 0.1078125 0.095703125
3 0.6703125 0.4765625 0.090625 0.072265625
1 0.521875 0.4375 0.0421875 0.123046875
1 0.59375 0.4375 0.0421875 0.126953125
3 0.8671875 0.4609375 0.078125 0.0625
3 0.646875 0.458984375 0.0671875 0.0625
3 0.415625 0.4609375 0.028125 0.0625
3 0.4296875 0.458984375 0.028125 0.0546875
1 0.440625 0.431640625 0.01875 0.037109375
1 0.425 0.42578125 0.01875 0.02734375
1 0.4140625 0.427734375 0.01875 0.0234375
2 0.534375 0.501953125 0.0140625 0.0625
