3 0.9125 0.443359375 0.0859375 0.046875
3 0.846875 0.416015625 0.0671875 0.05859375
3 0.78125 0.42578125 0.065625 0.03515625
3 0.584375 0.40234375 0.146875 0.076171875
3 0.515625 0.41015625 0.059375 0.09765625
1 0.503125 0.435546875 0.0125 0.04296875
1 0.4828125 0.43359375 0.01875 0.046875
3 0.4234375 0.408203125 0.0578125 0.076171875
3 0.35625 0.42578125 0.0671875 0.0703125
1 0.1546875 0.412109375 0.034375 0.044921875
1 0.0 0.400390625 0.025 0.134765625
3 0.134375 0.390625 0.2140625 0.173828125
