1 0.0078125 0.5 0.103125 0.294921875
2 0.0171875 0.677734375 0.0578125 0.16015625
3 0.0046875 0.466796875 0.184375 0.19140625
3 0.1671875 0.45703125 0.10625 0.1328125
3 0.228125 0.44140625 0.103125 0.1015625
3 0.3140625 0.453125 0.0484375 0.07421875
3 0.384375 0.43359375 0.05 0.04296875
3 0.4375 0.421875 0.034375 0.037109375
3 0.546875 0.44140625 0.046875 0.0390625
3 0.596875 0.478515625 0.1171875 0.1171875
3 0.6703125 0.4765625 0.20625 0.189453125
3 0.7359375 0.529296875 0.2625 0.296875
3 0.8546875 0.435546875 0.0953125 0.03515625
3 0.7015625 0.41015625 0.1 0.0546875
3 0.6671875 0.416015625 0.0375 0.046875
3 0.484375 0.427734375 0.021875 0.02734375
