3 0.865625 0.431640625 0.1328125 0.26953125
1 0.6921875 0.42578125 0.0375 0.09765625
1 0.7640625 0.421875 0.021875 0.03125
2 0.321875 0.486328125 0.015625 0.041015625
2 0.59375 0.49609375 0.0453125 0.05078125
1 0.0 0.4140625 0.0171875 0.09765625
1 0.3015625 0.4296875 0.021875 0.08203125
2 0.3453125 0.46484375 0.0109375 0.02734375
1 0.1859375 0.431640625 0.0203125 0.06640625
1 0.1640625 0.43359375 0.0203125 0.0625
3 0.3859375 0.451171875 0.0234375 0.021484375
2 0.0 0.517578125 0.034375 0.05859375
2 0.1296875 0.4765625 0.0296875 0.052734375
2 0.209375 0.466796875 0.0265625 0.041015625
1 0.346875 0.431640625 0.009375 0.03515625
1 0.321875 0.443359375 0.0171875 0.04296875
2 0.628125 0.49609375 0.03125 0.052734375
2 0.6703125 0.5 0.015625 0.05078125
