1 0.65 0.427734375 0.046875 0.123046875
1 0.6796875 0.400390625 0.04375 0.154296875
1 0.159375 0.4609375 0.0203125 0.046875
3 0.78125 0.421875 0.05625 0.078125
3 0.853125 0.375 0.14375 0.14453125
3 0.903125 0.421875 0.09375 0.125
3 0.63125 0.431640625 0.0234375 0.033203125
3 0.7171875 0.431640625 0.028125 0.056640625
1 0.36875 0.447265625 0.0125 0.03125
1 0.5390625 0.435546875 0.01875 0.044921875
1 0.5984375 0.42578125 0.01875 0.056640625
1 0.58125 0.431640625 0.0203125 0.046875
1 0.1171875 0.47265625 0.021875 0.03125
1 0.103125 0.466796875 0.0203125 0.052734375
