3 0.403125 0.38671875 0.1359375 0.162109375
3 0.9546875 0.458984375 0.04375 0.0625
3 0.6203125 0.4609375 0.0734375 0.05078125
3 0.1078125 0.439453125 0.075 0.080078125
3 0.5390625 0.458984375 0.0234375 0.05078125
3 0.321875 0.4609375 0.0203125 0.021484375
1 0.184375 0.447265625 0.0203125 0.068359375
3 0.0796875 0.46875 0.0296875 0.041015625
3 0.259375 0.4609375 0.015625 0.01953125
3 0.23125 0.46875 0.015625 0.017578125
1 0.6890625 0.44921875 0.0140625 0.05859375
3 0.0 0.46875 0.0421875 0.044921875
