1 0.615625 0.423828125 0.03125 0.083984375
1 0.5640625 0.43359375 0.034375 0.078125
3 0.0 0.4375 0.084375 0.123046875
3 0.1015625 0.427734375 0.11875 0.095703125
3 0.2078125 0.439453125 0.0515625 0.06640625
3 0.0703125 0.44140625 0.040625 0.060546875
1 0.8421875 0.412109375 0.0203125 0.0703125
1 0.7828125 0.412109375 0.025 0.064453125
3 0.3953125 0.412109375 0.1125 0.123046875
3 0.3078125 0.44140625 0.0296875 0.033203125
3 0.2875 0.4375 0.025 0.041015625
3 0.2546875 0.447265625 0.034375 0.037109375
1 0.8140625 0.4296875 0.0234375 0.044921875
3 0.046875 0.453125 0.0234375 0.03515625
