3 0.509375 0.439453125 0.0796875 0.078125
3 0.0 0.439453125 0.0984375 0.119140625
2 0.6875 0.484375 0.10625 0.150390625
2 0.5921875 0.51953125 0.08125 0.109375
2 0.2734375 0.4921875 0.1046875 0.125
2 0.2328125 0.509765625 0.05 0.06640625
2 0.2078125 0.5 0.028125 0.064453125
2 0.165625 0.49609375 0.0234375 0.0625
1 0.6375 0.39453125 0.1015625 0.208984375
1 0.30625 0.40234375 0.0546875 0.19921875
1 0.209375 0.427734375 0.03125 0.109375
1 0.240625 0.4375 0.0421875 0.123046875
1 0.1640625 0.439453125 0.028125 0.10546875
3 0.134375 0.4375 0.0421875 0.08203125
3 0.3546875 0.44921875 0.034375 0.04296875
3 0.38125 0.453125 0.028125 0.033203125
3 0.49375 0.458984375 0.025 0.046875
3 0.48125 0.44921875 0.03125 0.044921875
