3 0.3296875 0.474609375 0.40625 0.189453125
3 0.578125 0.416015625 0.071875 0.087890625
3 0.4265625 0.4140625 0.065625 0.05859375
3 0.240625 0.40625 0.0703125 0.06640625
3 0.1328125 0.38671875 0.0984375 0.087890625
1 0.1140625 0.400390625 0.0265625 0.076171875
1 0.0765625 0.396484375 0.021875 0.072265625
1 0.8953125 0.392578125 0.0421875 0.123046875
1 0.85 0.384765625 0.040625 0.05078125
1 0.8140625 0.396484375 0.0453125 0.115234375
3 0.7703125 0.40234375 0.0515625 0.056640625
3 0.7140625 0.396484375 0.0421875 0.0625
1 0.6796875 0.384765625 0.0203125 0.03515625
3 0.4078125 0.39453125 0.0515625 0.0546875
3 0.3953125 0.40234375 0.021875 0.03125
3 0.6515625 0.412109375 0.0828125 0.052734375
3 0.2203125 0.3828125 0.0375 0.0703125
