1 0.753125 0.41015625 0.0421875 0.130859375
1 0.84375 0.408203125 0.015625 0.044921875
1 0.6296875 0.4140625 0.028125 0.111328125
2 0.6546875 0.447265625 0.05 0.1328125
2 0.2734375 0.490234375 0.025 0.0625
2 0.3328125 0.46875 0.0125 0.041015625
1 0.1359375 0.427734375 0.01875 0.056640625
1 0.1578125 0.427734375 0.0171875 0.076171875
2 0.0546875 0.455078125 0.053125 0.09375
2 0.021875 0.46484375 0.03125 0.0859375
3 0.3859375 0.44921875 0.0234375 0.0234375
2 0.56875 0.474609375 0.0140625 0.046875
2 0.71875 0.45703125 0.0296875 0.1171875
1 0.346875 0.431640625 0.0125 0.060546875
1 0.3328125 0.42578125 0.0140625 0.044921875
3 0.3140625 0.443359375 0.0203125 0.03515625
1 0.2765625 0.41796875 0.025 0.0703125
2 0.184375 0.466796875 0.0328125 0.046875
2 0.1125 0.48046875 0.040625 0.0390625
1 0.60625 0.447265625 0.0203125 0.078125
1 0.5828125 0.4453125 0.01875 0.078125
1 0.8265625 0.416015625 0.0171875 0.044921875
1 0.553125 0.439453125 0.009375 0.03125
