3 0.1453125 0.470703125 0.134375 0.119140625
3 0.2375 0.458984375 0.0875 0.095703125
3 0.3890625 0.44140625 0.046875 0.041015625
1 0.3640625 0.4375 0.0265625 0.083984375
3 0.5921875 0.44921875 0.1046875 0.103515625
3 0.6078125 0.478515625 0.1234375 0.12109375
3 0.6515625 0.498046875 0.2234375 0.193359375
3 0.265625 0.4140625 0.0625 0.05859375
3 0.5703125 0.453125 0.03125 0.06640625
3 0.553125 0.447265625 0.0421875 0.044921875
3 0.540625 0.443359375 0.0328125 0.04296875
3 0.325 0.423828125 0.0421875 0.041015625
