3 0.0015625 0.4609375 0.1546875 0.197265625
3 0.2140625 0.427734375 0.075 0.07421875
3 0.2171875 0.458984375 0.10625 0.09375
3 0.309375 0.44921875 0.0609375 0.072265625
3 0.371875 0.453125 0.0515625 0.052734375
3 0.6171875 0.462890625 0.075 0.09765625
3 0.6890625 0.44140625 0.2859375 0.279296875
3 0.80625 0.51953125 0.190625 0.453125
1 0.58125 0.443359375 0.0421875 0.1328125
1 0.5625 0.4375 0.021875 0.091796875
1 0.5265625 0.44921875 0.0296875 0.09375
3 0.409375 0.45703125 0.0265625 0.037109375
3 0.409375 0.447265625 0.034375 0.03515625
3 0.446875 0.44140625 0.0296875 0.033203125
3 0.4671875 0.439453125 0.021875 0.029296875
