3 0.0015625 0.4453125 0.1125 0.232421875
3 0.04375 0.4140625 0.15 0.134765625
3 0.184375 0.435546875 0.084375 0.09375
1 0.625 0.42578125 0.0328125 0.126953125
1 0.6671875 0.44140625 0.01875 0.0546875
3 0.4375 0.4453125 0.028125 0.03125
3 0.465625 0.443359375 0.0359375 0.041015625
3 0.5015625 0.447265625 0.01875 0.0234375
2 0.6265625 0.4921875 0.0171875 0.06640625
1 0.771875 0.4609375 0.03125 0.05859375
1 0.3546875 0.43359375 0.015625 0.05078125
1 0.3421875 0.4375 0.015625 0.04296875
1 0.3671875 0.4296875 0.0171875 0.048828125
1 0.3796875 0.439453125 0.015625 0.041015625
1 0.6546875 0.4375 0.0125 0.0625
3 0.2515625 0.439453125 0.040625 0.0390625
