3 0.396875 0.453125 0.0546875 0.05078125
3 0.7796875 0.423828125 0.0546875 0.076171875
3 0.8546875 0.376953125 0.140625 0.146484375
3 0.9015625 0.421875 0.096875 0.130859375
1 0.6921875 0.412109375 0.0265625 0.1015625
1 0.671875 0.4140625 0.025 0.103515625
1 0.6453125 0.421875 0.028125 0.095703125
1 0.0796875 0.4609375 0.0234375 0.025390625
1 0.0984375 0.4609375 0.025 0.0625
1 0.584375 0.431640625 0.021875 0.05859375
3 0.709375 0.431640625 0.0375 0.0625
1 0.5484375 0.435546875 0.01875 0.044921875
1 0.625 0.423828125 0.0203125 0.05078125
1 0.115625 0.46875 0.0234375 0.037109375
1 0.3625 0.44921875 0.01875 0.037109375
