3 0.6828125 0.4296875 0.15 0.109375
3 0.6375 0.53515625 0.353125 0.29296875
3 0.5953125 0.49609375 0.153125 0.1328125
3 0.575 0.4765625 0.109375 0.10546875
3 0.315625 0.44921875 0.04375 0.041015625
3 0.303125 0.443359375 0.028125 0.037109375
3 0.115625 0.455078125 0.0859375 0.076171875
3 0.0546875 0.447265625 0.096875 0.078125
3 0.0046875 0.5 0.1515625 0.138671875
3 0.0 0.5625 0.03125 0.109375
2 0.83125 0.48828125 0.034375 0.0546875
2 0.8828125 0.5 0.03125 0.0546875
2 0.3578125 0.484375 0.0203125 0.03515625
1 0.353125 0.4453125 0.021875 0.0546875
1 0.2421875 0.443359375 0.01875 0.044921875
1 0.2296875 0.44140625 0.0203125 0.046875
1 0.559375 0.4296875 0.0203125 0.056640625
1 0.525 0.4296875 0.01875 0.029296875
