3 0.959375 0.546875 0.0390625 0.05859375
1 0.928125 0.478515625 0.0265625 0.099609375
1 0.84375 0.474609375 0.0390625 0.1015625
3 0.671875 0.46875 0.0875 0.0859375
3 0.6359375 0.462890625 0.046875 0.06640625
1 0.5171875 0.455078125 0.034375 0.08984375
3 0.4828125 0.44921875 0.0171875 0.021484375
3 0.41875 0.447265625 0.0203125 0.03125
3 0.371875 0.439453125 0.0484375 0.056640625
1 0.3328125 0.435546875 0.0140625 0.044921875
1 0.30625 0.435546875 0.0203125 0.05078125
1 0.24375 0.4375 0.0546875 0.091796875
3 0.0 0.40234375 0.2125 0.13671875
