3 0.7 0.4765625 0.296875 0.283203125
3 0.6671875 0.47265625 0.1203125 0.154296875
3 0.6140625 0.466796875 0.0828125 0.099609375
3 0.2625 0.46484375 0.0734375 0.083984375
3 0.1984375 0.462890625 0.08125 0.109375
3 0.0640625 0.443359375 0.153125 0.154296875
3 0.0015625 0.46484375 0.10625 0.177734375
3 0.4921875 0.455078125 0.046875 0.03515625
1 0.34375 0.447265625 0.0265625 0.08203125
1 0.3671875 0.44921875 0.028125 0.076171875
1 0.58125 0.443359375 0.0421875 0.146484375
1 0.559375 0.44140625 0.0296875 0.1015625
3 0.384375 0.443359375 0.0453125 0.04296875
3 0.528125 0.45703125 0.025 0.029296875
