3 0.7640625 0.375 0.234375 0.40625
3 0.5453125 0.4453125 0.059375 0.0703125
3 0.53125 0.443359375 0.021875 0.056640625
3 0.5203125 0.443359375 0.01875 0.04296875
1 0.503125 0.443359375 0.01875 0.044921875
3 0.4296875 0.447265625 0.0375 0.037109375
3 0.4078125 0.421875 0.015625 0.01953125
3 0.4125 0.4453125 0.015625 0.021484375
3 0.359375 0.44921875 0.0328125 0.037109375
3 0.31875 0.455078125 0.04375 0.0546875
3 0.25 0.4375 0.075 0.09375
1 0.2171875 0.43359375 0.0203125 0.072265625
1 0.196875 0.447265625 0.0203125 0.05859375
