2 0.546875 0.5078125 0.021875 0.072265625
2 0.3734375 0.466796875 0.0203125 0.041015625
1 0.5421875 0.443359375 0.03125 0.109375
1 0.371875 0.439453125 0.0203125 0.0625
3 0.5 0.44140625 0.0453125 0.044921875
3 0.28125 0.44921875 0.06875 0.07421875
3 0.196875 0.4765625 0.084375 0.08984375
3 0.103125 0.484375 0.1234375 0.134765625
3 0.0 0.5 0.15 0.1953125
3 0.9203125 0.4921875 0.078125 0.119140625
3 0.790625 0.458984375 0.0828125 0.0859375
3 0.734375 0.447265625 0.084375 0.09765625
3 0.5734375 0.447265625 0.10625 0.09765625
3 0.8625 0.4375 0.134375 0.109375
3 0.6671875 0.4296875 0.0359375 0.07421875
