3 0.6453125 0.435546875 0.1359375 0.115234375
3 0.63125 0.431640625 0.0765625 0.05078125
1 0.603125 0.4296875 0.0296875 0.08984375
2 0.603125 0.4921875 0.021875 0.05078125
3 0.578125 0.4453125 0.0234375 0.052734375
3 0.5671875 0.4453125 0.0234375 0.044921875
3 0.365625 0.390625 0.1875 0.224609375
3 0.3046875 0.443359375 0.0640625 0.08203125
3 0.2046875 0.45703125 0.0921875 0.07421875
3 0.1984375 0.439453125 0.025 0.037109375
3 0.15625 0.453125 0.034375 0.056640625
3 0.0 0.423828125 0.16875 0.16796875
