3 0.0015625 0.45703125 0.0265625 0.212890625
3 0.0078125 0.455078125 0.1734375 0.171875
3 0.125 0.41796875 0.1359375 0.1640625
3 0.315625 0.4453125 0.11875 0.0625
3 0.55625 0.4453125 0.05625 0.060546875
3 0.840625 0.455078125 0.090625 0.037109375
3 0.9171875 0.443359375 0.08125 0.078125
3 0.7296875 0.4921875 0.2671875 0.232421875
3 0.9140625 0.609375 0.084375 0.2265625
1 0.7234375 0.4453125 0.0265625 0.0390625
3 0.484375 0.435546875 0.025 0.03125
3 0.634375 0.458984375 0.134375 0.123046875
3 0.415625 0.4375 0.0328125 0.041015625
1 0.45625 0.435546875 0.0171875 0.037109375
