1 0.759375 0.44921875 0.0453125 0.1171875
1 0.7265625 0.46875 0.05 0.169921875
1 0.415625 0.4375 0.01875 0.04296875
3 0.9171875 0.58203125 0.08125 0.234375
3 0.771875 0.505859375 0.2234375 0.19921875
3 0.675 0.447265625 0.0765625 0.138671875
3 0.6171875 0.46484375 0.040625 0.060546875
3 0.584375 0.455078125 0.05 0.05078125
3 0.540625 0.453125 0.0296875 0.03125
3 0.2921875 0.4375 0.0734375 0.046875
3 0.225 0.4140625 0.065625 0.06640625
3 0.1140625 0.416015625 0.0984375 0.078125
3 0.2234375 0.43359375 0.04375 0.0546875
3 0.1484375 0.421875 0.084375 0.06640625
3 0.3828125 0.44140625 0.0359375 0.03515625
3 0.4890625 0.447265625 0.0234375 0.0234375
3 0.6546875 0.462890625 0.0453125 0.09375
