1 0.8265625 0.412109375 0.0625 0.193359375
3 0.8703125 0.4296875 0.0953125 0.158203125
3 0.696875 0.4296875 0.05 0.0859375
3 0.5921875 0.435546875 0.11875 0.126953125
3 0.5375 0.431640625 0.0375 0.0390625
3 0.490625 0.427734375 0.05 0.052734375
3 0.39375 0.42578125 0.06875 0.0703125
3 0.3671875 0.43359375 0.0328125 0.052734375
3 0.3125 0.421875 0.0578125 0.078125
3 0.2953125 0.4375 0.05625 0.068359375
3 0.25 0.43359375 0.053125 0.08984375
3 0.1296875 0.41796875 0.134375 0.126953125
1 0.4640625 0.427734375 0.0109375 0.029296875
3 0.578125 0.435546875 0.0484375 0.044921875
