3 0.0640625 0.375 0.1578125 0.095703125
3 0.590625 0.4140625 0.0515625 0.037109375
3 0.8484375 0.390625 0.071875 0.076171875
1 0.009375 0.39453125 0.0671875 0.11328125
2 0.0 0.474609375 0.0421875 0.056640625
2 0.0484375 0.474609375 0.0375 0.056640625
2 0.11875 0.46484375 0.065625 0.060546875
1 0.125 0.3984375 0.05 0.10546875
1 0.23125 0.412109375 0.0328125 0.052734375
1 0.265625 0.392578125 0.0375 0.068359375
1 0.35625 0.37890625 0.0234375 0.115234375
1 0.3375 0.408203125 0.0203125 0.046875
1 0.4 0.390625 0.040625 0.068359375
1 0.4453125 0.400390625 0.0234375 0.072265625
1 0.475 0.404296875 0.034375 0.072265625
1 0.5140625 0.390625 0.0328125 0.0859375
2 0.3296875 0.44921875 0.0375 0.044921875
2 0.4078125 0.44140625 0.028125 0.041015625
2 0.4765625 0.44140625 0.0296875 0.03515625
2 0.5078125 0.435546875 0.021875 0.044921875
