1 0.775 0.455078125 0.0375 0.123046875
1 0.7578125 0.46875 0.0125 0.091796875
3 0.821875 0.498046875 0.1171875 0.10546875
3 0.475 0.474609375 0.05625 0.1015625
3 0.5125 0.490234375 0.053125 0.072265625
3 0.5671875 0.490234375 0.05 0.0546875
3 0.334375 0.462890625 0.1546875 0.125
3 0.625 0.498046875 0.0296875 0.03125
3 0.646875 0.4921875 0.0265625 0.033203125
1 0.628125 0.482421875 0.0140625 0.015625
3 0.60625 0.490234375 0.025 0.044921875
3 0.6734375 0.48828125 0.0203125 0.025390625
1 0.74375 0.474609375 0.0203125 0.087890625
