3 0.4328125 0.455078125 0.13125 0.126953125
3 0.4125 0.44921875 0.0328125 0.037109375
3 0.7984375 0.4296875 0.0421875 0.064453125
3 0.8546875 0.375 0.14375 0.1484375
3 0.8984375 0.43359375 0.1 0.1171875
1 0.771875 0.40234375 0.028125 0.14453125
1 0.7453125 0.40625 0.040625 0.15625
1 0.7125 0.40625 0.0421875 0.140625
1 0.6046875 0.439453125 0.021875 0.064453125
1 0.021875 0.47265625 0.025 0.072265625
1 0.0 0.46875 0.025 0.087890625
1 0.1125 0.46875 0.0234375 0.03515625
1 0.5875 0.427734375 0.021875 0.052734375
1 0.5703125 0.427734375 0.0203125 0.052734375
