1 0.9375 0.431640625 0.0421875 0.125
3 0.759375 0.45703125 0.0703125 0.05859375
3 0.759375 0.43359375 0.06875 0.037109375
1 0.7203125 0.443359375 0.01875 0.07421875
1 0.684375 0.4453125 0.0203125 0.060546875
1 0.6640625 0.4453125 0.021875 0.064453125
1 0.6453125 0.4453125 0.021875 0.0625
3 0.55625 0.458984375 0.0578125 0.056640625
3 0.5265625 0.4609375 0.0328125 0.033203125
3 0.43125 0.453125 0.05 0.033203125
3 0.3640625 0.4453125 0.046875 0.0546875
3 0.24375 0.44140625 0.0703125 0.068359375
1 0.19375 0.45703125 0.0125 0.03515625
1 0.175 0.44921875 0.0171875 0.041015625
1 0.1515625 0.453125 0.01875 0.037109375
1 0.115625 0.453125 0.0203125 0.05859375
3 0.009375 0.4453125 0.109375 0.0859375
3 0.3484375 0.44921875 0.0203125 0.03125
