1 0.35 0.439453125 0.028125 0.037109375
1 0.3953125 0.439453125 0.021875 0.04296875
1 0.4328125 0.41015625 0.04375 0.166015625
1 0.478125 0.412109375 0.04375 0.15234375
1 0.528125 0.427734375 0.0515625 0.1328125
3 0.85625 0.423828125 0.140625 0.22265625
3 0.725 0.392578125 0.26875 0.2265625
3 0.5765625 0.439453125 0.1671875 0.119140625
3 0.5578125 0.412109375 0.146875 0.05078125
3 0.253125 0.4375 0.059375 0.052734375
3 0.0671875 0.39453125 0.0671875 0.056640625
3 0.0 0.42578125 0.1515625 0.115234375
