3 0.075 0.42578125 0.0796875 0.07421875
3 0.415625 0.42578125 0.078125 0.091796875
3 0.3984375 0.41015625 0.065625 0.076171875
1 0.859375 0.43359375 0.0515625 0.115234375
1 0.6875 0.42578125 0.040625 0.1171875
18 0.7984375 0.515625 0.0546875 0.041015625
18 0.715625 0.498046875 0.053125 0.056640625
1 0.309375 0.400390625 0.0234375 0.068359375
1 0.2421875 0.40625 0.0234375 0.0625
1 0.190625 0.40625 0.0265625 0.068359375
3 0.14375 0.416015625 0.05 0.0546875
3 0.05 0.408203125 0.0375 0.056640625
3 0.0 0.412109375 0.0515625 0.06640625
3 0.353125 0.408203125 0.0359375 0.044921875
3 0.375 0.412109375 0.0265625 0.052734375
