1 0.0 0.353515625 0.071875 0.28125
1 0.18125 0.421875 0.03125 0.08203125
1 0.2140625 0.42578125 0.0296875 0.07421875
1 0.3828125 0.408203125 0.0359375 0.125
1 0.534375 0.396484375 0.0625 0.21484375
3 0.0578125 0.42578125 0.084375 0.12109375
3 0.40625 0.423828125 0.1234375 0.103515625
3 0.575 0.421875 0.10625 0.056640625
3 0.5984375 0.4375 0.1015625 0.14453125
3 0.675 0.3984375 0.1609375 0.212890625
3 0.75625 0.392578125 0.203125 0.25
3 0.9015625 0.365234375 0.096875 0.345703125
2 0.184375 0.45703125 0.0234375 0.0546875
2 0.2203125 0.44921875 0.0203125 0.0625
3 0.3453125 0.44140625 0.0375 0.0625
3 0.3015625 0.439453125 0.0375 0.0546875
3 0.46875 0.44140625 0.0609375 0.09375
