3 0.05625 0.5 0.178125 0.146484375
1 0.253125 0.455078125 0.0484375 0.126953125
2 0.25625 0.52734375 0.0375 0.078125
3 0.18125 0.474609375 0.084375 0.115234375
3 0.29375 0.46875 0.0546875 0.056640625
3 0.3390625 0.4609375 0.05 0.046875
3 0.36875 0.447265625 0.0421875 0.046875
3 0.4 0.439453125 0.03125 0.0390625
3 0.8328125 0.6328125 0.165625 0.349609375
3 0.6515625 0.515625 0.2859375 0.236328125
3 0.634375 0.490234375 0.125 0.146484375
3 0.2921875 0.4765625 0.03125 0.060546875
3 0.440625 0.4375 0.025 0.0234375
3 0.6015625 0.447265625 0.121875 0.1171875
3 0.7328125 0.42578125 0.1015625 0.0390625
3 0.7046875 0.427734375 0.028125 0.033203125
3 0.578125 0.455078125 0.0421875 0.068359375
3 0.553125 0.431640625 0.0515625 0.06640625
3 0.4953125 0.431640625 0.0359375 0.052734375
1 0.490625 0.439453125 0.0203125 0.05859375
