1 0.9171875 0.443359375 0.0265625 0.13671875
1 0.8984375 0.4453125 0.028125 0.146484375
1 0.8734375 0.453125 0.028125 0.134765625
1 0.8390625 0.45703125 0.03125 0.107421875
1 0.81875 0.45703125 0.0234375 0.125
1 0.7703125 0.46875 0.0265625 0.1015625
1 0.74375 0.462890625 0.025 0.109375
1 0.0140625 0.470703125 0.0234375 0.09375
1 0.728125 0.46875 0.0171875 0.0859375
1 0.7 0.47265625 0.0296875 0.08984375
1 0.6765625 0.462890625 0.015625 0.06640625
1 0.6375 0.45703125 0.0140625 0.06640625
1 0.596875 0.447265625 0.0125 0.0625
1 0.58125 0.44140625 0.0140625 0.044921875
1 0.5640625 0.4375 0.009375 0.037109375
1 0.553125 0.4375 0.0109375 0.0390625
1 0.9453125 0.431640625 0.040625 0.162109375
1 0.9875 0.443359375 0.0109375 0.15625
3 0.4171875 0.44140625 0.071875 0.041015625
3 0.3421875 0.462890625 0.0390625 0.05078125
3 0.365625 0.4765625 0.0734375 0.1171875
3 0.415625 0.462890625 0.16875 0.16796875
1 0.3203125 0.458984375 0.01875 0.0546875
3 0.2796875 0.4609375 0.0421875 0.052734375
1 0.2140625 0.455078125 0.0109375 0.0546875
1 0.1875 0.458984375 0.0140625 0.0546875
1 0.171875 0.458984375 0.0171875 0.05859375
1 0.0828125 0.45703125 0.015625 0.044921875
1 0.075 0.462890625 0.0125 0.03515625
3 0.034375 0.478515625 0.078125 0.078125
1 0.6515625 0.45703125 0.01875 0.044921875
3 0.4296875 0.419921875 0.015625 0.01953125
1 0.6125 0.46484375 0.0203125 0.0546875
1 0.7953125 0.46484375 0.0234375 0.091796875
3 0.3640625 0.447265625 0.0375 0.03125
1 0.7296875 0.439453125 0.0140625 0.029296875
