3 0.4390625 0.4921875 0.1625 0.166015625
3 0.2875 0.486328125 0.0625 0.0625
3 0.346875 0.490234375 0.0265625 0.052734375
3 0.41875 0.48828125 0.0484375 0.052734375
1 0.8125 0.470703125 0.025 0.06640625
1 0.7921875 0.47265625 0.021875 0.068359375
2 0.6984375 0.537109375 0.0875 0.06640625
1 0.103125 0.478515625 0.01875 0.08984375
1 0.0875 0.484375 0.01875 0.091796875
1 0.5671875 0.484375 0.0234375 0.05078125
1 0.653125 0.48046875 0.01875 0.033203125
1 0.259375 0.48828125 0.0234375 0.03125
1 0.678125 0.4765625 0.021875 0.046875
