1 0.059375 0.375 0.08125 0.3046875
1 0.5046875 0.439453125 0.015625 0.0234375
1 0.6328125 0.44921875 0.015625 0.046875
2 0.8328125 0.484375 0.0140625 0.05078125
2 0.871875 0.48828125 0.0140625 0.0546875
3 0.91875 0.48046875 0.0796875 0.07421875
3 0.8984375 0.484375 0.0484375 0.048828125
3 0.8828125 0.486328125 0.0296875 0.04296875
3 0.796875 0.470703125 0.0359375 0.0390625
1 0.8703125 0.439453125 0.025 0.064453125
1 0.83125 0.447265625 0.025 0.0546875
1 0.753125 0.4453125 0.01875 0.037109375
2 0.759375 0.478515625 0.009375 0.025390625
1 0.6546875 0.45703125 0.009375 0.03125
