3 0.0 0.5390625 0.1703125 0.287109375
3 0.190625 0.484375 0.15 0.134765625
3 0.3 0.4765625 0.0796875 0.08984375
3 0.340625 0.4453125 0.084375 0.095703125
3 0.64375 0.455078125 0.071875 0.130859375
3 0.7203125 0.48046875 0.165625 0.16015625
3 0.7828125 0.537109375 0.215625 0.203125
3 0.93125 0.595703125 0.0671875 0.25
1 0.9140625 0.46484375 0.0421875 0.08984375
1 0.628125 0.474609375 0.05 0.1171875
1 0.553125 0.43359375 0.0296875 0.1015625
1 0.496875 0.43359375 0.0375 0.091796875
3 0.4140625 0.455078125 0.025 0.056640625
3 0.4265625 0.44921875 0.034375 0.052734375
3 0.4484375 0.453125 0.025 0.04296875
3 0.4734375 0.44140625 0.034375 0.025390625
3 0.6734375 0.484375 0.0921875 0.11328125
2 0.503125 0.478515625 0.0234375 0.052734375
