1 0.8640625 0.541015625 0.084375 0.40625
1 0.3890625 0.43359375 0.028125 0.119140625
1 0.3578125 0.44921875 0.0296875 0.107421875
1 0.3328125 0.4375 0.03125 0.12109375
3 0.0 0.53515625 0.0828125 0.2109375
3 0.01875 0.498046875 0.3 0.138671875
3 0.178125 0.466796875 0.1328125 0.064453125
3 0.5546875 0.435546875 0.0265625 0.0390625
3 0.5703125 0.4375 0.053125 0.05859375
3 0.5875 0.458984375 0.0546875 0.0625
3 0.6234375 0.4765625 0.1 0.08203125
3 0.696875 0.501953125 0.1328125 0.1484375
3 0.759375 0.53515625 0.1203125 0.224609375
3 0.9296875 0.546875 0.0671875 0.1328125
3 0.8234375 0.447265625 0.1328125 0.078125
3 0.8828125 0.462890625 0.1125 0.087890625
3 0.284375 0.44140625 0.071875 0.041015625
3 0.415625 0.4453125 0.028125 0.03125
3 0.4390625 0.435546875 0.0265625 0.02734375
3 0.4515625 0.427734375 0.0234375 0.025390625
1 0.69375 0.453125 0.0234375 0.04296875
1 0.6625 0.44140625 0.0234375 0.037109375
1 0.6453125 0.44140625 0.01875 0.03515625
1 0.1671875 0.443359375 0.0328125 0.046875
