1 0.44375 0.439453125 0.021875 0.044921875
1 0.5578125 0.4375 0.0234375 0.0625
3 0.825 0.498046875 0.16875 0.421875
3 0.6625 0.4453125 0.1703125 0.15625
3 0.628125 0.4609375 0.0625 0.1015625
3 0.5921875 0.455078125 0.040625 0.05859375
3 0.340625 0.4453125 0.0703125 0.068359375
3 0.6140625 0.443359375 0.059375 0.095703125
3 0.0015625 0.4375 0.071875 0.115234375
1 0.4765625 0.4375 0.01875 0.037109375
1 0.434375 0.43359375 0.0203125 0.052734375
3 0.1921875 0.431640625 0.14375 0.123046875
3 0.521875 0.4375 0.021875 0.029296875
