3 0.7875 0.423828125 0.0546875 0.078125
3 0.853125 0.37890625 0.140625 0.13671875
1 0.64375 0.42578125 0.0265625 0.078125
1 0.61875 0.421875 0.025 0.083984375
1 0.159375 0.45703125 0.0203125 0.044921875
1 0.1046875 0.46484375 0.01875 0.046875
1 0.5421875 0.435546875 0.01875 0.044921875
3 0.9046875 0.44140625 0.0828125 0.103515625
1 0.5671875 0.43359375 0.0140625 0.05078125
1 0.58125 0.427734375 0.0203125 0.052734375
1 0.359375 0.44921875 0.009375 0.02734375
1 0.375 0.4453125 0.0109375 0.03125
3 0.709375 0.435546875 0.0359375 0.052734375
1 0.1171875 0.4765625 0.01875 0.029296875
