3 0.915625 0.470703125 0.08125 0.05078125
3 0.8828125 0.498046875 0.0296875 0.025390625
1 0.7734375 0.4609375 0.034375 0.09765625
1 0.7546875 0.45703125 0.021875 0.095703125
1 0.721875 0.458984375 0.0375 0.08984375
1 0.4203125 0.4453125 0.021875 0.064453125
1 0.36875 0.443359375 0.025 0.072265625
1 0.35 0.439453125 0.021875 0.068359375
1 0.2578125 0.45703125 0.03125 0.076171875
3 0.5296875 0.45703125 0.0875 0.05078125
1 0.325 0.4453125 0.025 0.0625
1 0.3890625 0.44140625 0.01875 0.0546875
3 0.4390625 0.458984375 0.040625 0.04296875
2 0.265625 0.49609375 0.021875 0.060546875
