1 0.234375 0.44140625 0.0296875 0.044921875
3 0.103125 0.443359375 0.115625 0.09765625
3 0.2046875 0.47265625 0.13125 0.10546875
3 0.328125 0.44140625 0.075 0.064453125
3 0.6234375 0.447265625 0.0546875 0.09765625
3 0.64375 0.439453125 0.1421875 0.138671875
3 0.671875 0.484375 0.1515625 0.12109375
3 0.6953125 0.501953125 0.140625 0.1484375
3 0.734375 0.521484375 0.259375 0.234375
3 0.6 0.447265625 0.0359375 0.076171875
3 0.584375 0.44921875 0.03125 0.060546875
3 0.5734375 0.44921875 0.03125 0.041015625
3 0.5640625 0.44921875 0.021875 0.041015625
3 0.5296875 0.439453125 0.021875 0.02734375
3 0.5390625 0.44140625 0.0265625 0.0390625
3 0.4078125 0.42578125 0.01875 0.03125
3 0.278125 0.4375 0.0359375 0.044921875
3 0.0 0.484375 0.046875 0.09375
