1 0.315625 0.4296875 0.0296875 0.08203125
3 0.6453125 0.453125 0.109375 0.109375
3 0.7546875 0.443359375 0.240625 0.41796875
3 0.6375 0.45703125 0.0359375 0.078125
3 0.621875 0.44140625 0.06875 0.07421875
3 0.6140625 0.435546875 0.04375 0.056640625
2 0.0453125 0.478515625 0.05625 0.09375
2 0.26875 0.466796875 0.0328125 0.06640625
2 0.1875 0.45703125 0.05 0.09375
1 0.3890625 0.431640625 0.0171875 0.056640625
1 0.41875 0.439453125 0.015625 0.046875
1 0.43125 0.4375 0.0140625 0.04296875
1 0.459375 0.4375 0.0140625 0.04296875
