3 0.0 0.439453125 0.1375 0.1796875
3 0.184375 0.4609375 0.1125 0.08984375
3 0.2484375 0.447265625 0.0828125 0.07421875
3 0.6484375 0.4296875 0.04375 0.056640625
3 0.684375 0.4296875 0.0296875 0.0625
3 0.7 0.408203125 0.0671875 0.0859375
3 0.775 0.41015625 0.0359375 0.0703125
3 0.796875 0.408203125 0.0984375 0.08984375
3 0.8390625 0.4296875 0.15 0.203125
1 0.359375 0.4375 0.025 0.068359375
1 0.5171875 0.435546875 0.0125 0.037109375
1 0.4375 0.44140625 0.0140625 0.044921875
3 0.53125 0.4453125 0.03125 0.03125
3 0.490625 0.443359375 0.0265625 0.02734375
3 0.38125 0.453125 0.0421875 0.0390625
3 0.3140625 0.4453125 0.034375 0.064453125
3 0.3421875 0.453125 0.03125 0.0546875
3 0.4453125 0.44140625 0.01875 0.03125
3 0.859375 0.421875 0.09375 0.076171875
