1 0.5734375 0.47265625 0.028125 0.07421875
1 0.6546875 0.4765625 0.021875 0.0703125
1 0.675 0.4765625 0.025 0.0625
1 0.7046875 0.4765625 0.0234375 0.06640625
1 0.73125 0.47265625 0.028125 0.078125
1 0.7890625 0.474609375 0.021875 0.078125
3 0.4328125 0.484375 0.1203125 0.1171875
3 0.3796875 0.478515625 0.0359375 0.041015625
3 0.0 0.478515625 0.2125 0.26171875
1 0.1046875 0.45703125 0.0234375 0.02734375
1 0.13125 0.4609375 0.01875 0.025390625
1 0.153125 0.462890625 0.025 0.033203125
1 0.171875 0.47265625 0.0203125 0.041015625
