3 0.328125 0.453125 0.1359375 0.095703125
3 0.78125 0.43359375 0.059375 0.06640625
3 0.8546875 0.376953125 0.140625 0.146484375
3 0.903125 0.416015625 0.09375 0.1328125
1 0.715625 0.404296875 0.0484375 0.13671875
1 0.6828125 0.412109375 0.040625 0.1328125
1 0.6 0.43359375 0.0234375 0.068359375
1 0.621875 0.421875 0.0203125 0.0625
1 0.54375 0.4296875 0.021875 0.05078125
1 0.03125 0.458984375 0.028125 0.0703125
1 0.015625 0.4609375 0.0265625 0.068359375
1 0.1140625 0.46875 0.0234375 0.03515625
1 0.653125 0.4140625 0.0203125 0.044921875
1 0.578125 0.431640625 0.01875 0.05078125
3 0.6375 0.431640625 0.01875 0.03515625
