3 0.83125 0.44921875 0.1671875 0.21484375
3 0.7484375 0.392578125 0.2296875 0.22265625
1 0.7 0.42578125 0.0421875 0.205078125
3 0.63125 0.4453125 0.075 0.140625
3 0.540625 0.431640625 0.125 0.11328125
3 0.40625 0.41796875 0.1171875 0.14453125
1 0.3 0.41015625 0.0625 0.19921875
2 0.3203125 0.525390625 0.03125 0.107421875
3 0.1484375 0.427734375 0.1390625 0.1328125
3 0.171875 0.462890625 0.0546875 0.11328125
3 0.0 0.380859375 0.1859375 0.259765625
3 0.6140625 0.435546875 0.09375 0.09765625
3 0.0171875 0.408203125 0.153125 0.05078125
