1 0.9171875 0.44140625 0.0265625 0.056640625
1 0.8 0.431640625 0.0265625 0.03125
1 0.75625 0.4296875 0.021875 0.0390625
1 0.696875 0.462890625 0.0203125 0.037109375
1 0.6640625 0.4609375 0.01875 0.037109375
3 0.68125 0.46484375 0.309375 0.224609375
3 0.471875 0.42578125 0.103125 0.119140625
3 0.4078125 0.44140625 0.1234375 0.126953125
3 0.3515625 0.470703125 0.0359375 0.03125
3 0.321875 0.46875 0.0296875 0.029296875
3 0.2390625 0.466796875 0.0859375 0.060546875
3 0.0546875 0.453125 0.165625 0.125
3 0.0 0.46484375 0.0640625 0.142578125
