3 0.7828125 0.427734375 0.053125 0.078125
3 0.85 0.375 0.146875 0.103515625
3 0.778125 0.40234375 0.2203125 0.19921875
1 0.65 0.404296875 0.034375 0.138671875
1 0.721875 0.400390625 0.040625 0.1484375
1 0.353125 0.447265625 0.01875 0.056640625
1 0.3671875 0.443359375 0.01875 0.0546875
1 0.1171875 0.47265625 0.0203125 0.033203125
1 0.5828125 0.435546875 0.01875 0.056640625
1 0.5671875 0.43359375 0.021875 0.05078125
1 0.6 0.427734375 0.0234375 0.06640625
1 0.615625 0.4140625 0.021875 0.076171875
3 0.440625 0.4453125 0.0375 0.03515625
1 0.684375 0.408203125 0.0359375 0.13671875
