1 0.1 0.392578125 0.084375 0.162109375
3 0.5734375 0.41796875 0.0859375 0.0859375
3 0.546875 0.412109375 0.0453125 0.0703125
3 0.5328125 0.4296875 0.021875 0.05078125
3 0.515625 0.427734375 0.021875 0.0390625
3 0.5 0.427734375 0.0234375 0.033203125
3 0.4859375 0.43359375 0.0171875 0.021484375
3 0.45625 0.43359375 0.01875 0.0234375
3 0.4328125 0.435546875 0.01875 0.017578125
3 0.31875 0.42578125 0.0546875 0.072265625
3 0.2265625 0.423828125 0.096875 0.09765625
2 0.0 0.484375 0.028125 0.068359375
