3 0.0046875 0.498046875 0.1984375 0.1640625
3 0.159375 0.47265625 0.115625 0.123046875
3 0.128125 0.45703125 0.0734375 0.04296875
3 0.375 0.447265625 0.05 0.052734375
3 0.5953125 0.458984375 0.0484375 0.0859375
3 0.603125 0.47265625 0.0625 0.091796875
3 0.6234375 0.474609375 0.1671875 0.150390625
3 0.6671875 0.517578125 0.23125 0.208984375
3 0.7625 0.578125 0.2359375 0.40625
3 0.4921875 0.423828125 0.025 0.025390625
1 0.284375 0.453125 0.0296875 0.107421875
2 0.2890625 0.51953125 0.025 0.060546875
1 0.36875 0.439453125 0.01875 0.044921875
3 0.4421875 0.43359375 0.025 0.029296875
3 0.575 0.48046875 0.028125 0.05859375
3 0.565625 0.455078125 0.0578125 0.0546875
3 0.546875 0.447265625 0.05 0.056640625
