2 0.728125 0.525390625 0.1703125 0.30859375
2 0.546875 0.45703125 0.0234375 0.12109375
2 0.465625 0.4609375 0.0203125 0.12109375
2 0.85625 0.505859375 0.0859375 0.1875
3 0.35625 0.431640625 0.04375 0.03125
3 0.315625 0.4296875 0.040625 0.046875
2 0.6578125 0.443359375 0.0359375 0.083984375
2 0.0390625 0.431640625 0.0484375 0.091796875
1 0.4171875 0.427734375 0.0140625 0.03515625
1 0.8265625 0.3125 0.0796875 0.203125
1 0.721875 0.271484375 0.15 0.421875
1 0.534375 0.34375 0.059375 0.208984375
1 0.453125 0.36328125 0.046875 0.19921875
3 0.43125 0.4375 0.01875 0.0234375
2 0.621875 0.44921875 0.0171875 0.052734375
