3 0.0015625 0.47265625 0.1578125 0.2265625
3 0.1078125 0.478515625 0.146875 0.146484375
3 0.265625 0.47265625 0.1234375 0.09375
3 0.3703125 0.478515625 0.0546875 0.068359375
3 0.753125 0.5 0.240625 0.21875
3 0.71875 0.494140625 0.0875 0.125
3 0.675 0.474609375 0.13125 0.123046875
3 0.6578125 0.46484375 0.0609375 0.0859375
1 0.5765625 0.466796875 0.01875 0.046875
1 0.59375 0.474609375 0.015625 0.0390625
3 0.4375 0.47265625 0.05625 0.056640625
3 0.4796875 0.470703125 0.025 0.052734375
3 0.5 0.4765625 0.034375 0.0390625
3 0.528125 0.48046875 0.021875 0.03125
3 0.2203125 0.46875 0.0703125 0.05859375
1 0.625 0.474609375 0.015625 0.041015625
1 0.5578125 0.47265625 0.0125 0.04296875
3 0.60625 0.484375 0.0140625 0.0234375
3 0.640625 0.478515625 0.0265625 0.041015625
