3 0.0296875 0.369140625 0.0484375 0.056640625
3 0.0828125 0.37109375 0.053125 0.05859375
1 0.0671875 0.376953125 0.0375 0.1328125
2 0.046875 0.46484375 0.034375 0.060546875
2 0.0921875 0.4609375 0.0359375 0.060546875
1 0.2546875 0.3828125 0.0421875 0.126953125
1 0.2984375 0.390625 0.0453125 0.095703125
1 0.3671875 0.400390625 0.034375 0.05078125
1 0.4171875 0.384765625 0.034375 0.08984375
2 0.3015625 0.439453125 0.040625 0.056640625
1 0.2234375 0.41015625 0.021875 0.041015625
1 0.19375 0.412109375 0.0328125 0.05078125
2 0.3640625 0.443359375 0.040625 0.0390625
1 0.4546875 0.3984375 0.028125 0.0625
3 0.8140625 0.38671875 0.075 0.08203125
3 0.715625 0.380859375 0.1 0.087890625
1 0.0015625 0.404296875 0.053125 0.099609375
2 0.0 0.46875 0.028125 0.05859375
1 0.128125 0.396484375 0.0359375 0.095703125
2 0.128125 0.462890625 0.0296875 0.0546875
