1 0.540625 0.44140625 0.0265625 0.072265625
1 0.76875 0.443359375 0.03125 0.078125
1 0.75 0.46875 0.0375 0.107421875
3 0.8453125 0.439453125 0.15 0.09765625
3 0.7125 0.443359375 0.0484375 0.076171875
3 0.6921875 0.43359375 0.04375 0.060546875
3 0.5640625 0.443359375 0.0484375 0.05859375
3 0.315625 0.462890625 0.0625 0.06640625
3 0.209375 0.474609375 0.1109375 0.09765625
3 0.01875 0.46875 0.203125 0.18359375
3 0.4796875 0.431640625 0.0265625 0.02734375
3 0.3578125 0.4453125 0.0453125 0.0546875
2 0.54375 0.484375 0.01875 0.052734375
2 0.740625 0.529296875 0.040625 0.072265625
