3 0.778125 0.431640625 0.0640625 0.0625
3 0.8515625 0.3828125 0.140625 0.125
3 0.9046875 0.44140625 0.0859375 0.107421875
3 0.45 0.44921875 0.48125 0.228515625
1 0.65 0.41015625 0.0328125 0.044921875
1 0.1484375 0.458984375 0.021875 0.0625
1 0.1265625 0.458984375 0.0203125 0.064453125
1 0.54375 0.4375 0.0203125 0.041015625
1 0.5703125 0.4296875 0.0234375 0.052734375
1 0.6734375 0.4140625 0.028125 0.037109375
3 0.4390625 0.447265625 0.0359375 0.02734375
1 0.371875 0.447265625 0.0109375 0.03125
1 0.3671875 0.44921875 0.009375 0.03125
1 0.115625 0.470703125 0.0234375 0.033203125
1 0.0984375 0.47265625 0.028125 0.05078125
