1 0.6484375 0.43359375 0.0421875 0.138671875
1 0.59375 0.470703125 0.021875 0.021484375
2 0.5984375 0.494140625 0.01875 0.025390625
3 0.5078125 0.470703125 0.090625 0.083984375
3 0.4640625 0.47265625 0.0328125 0.037109375
3 0.45 0.47265625 0.021875 0.029296875
3 0.4046875 0.474609375 0.0375 0.0234375
3 0.39375 0.46875 0.0203125 0.0234375
3 0.340625 0.4609375 0.0515625 0.068359375
3 0.3390625 0.48046875 0.034375 0.052734375
3 0.290625 0.47265625 0.0546875 0.0703125
3 0.2546875 0.478515625 0.0578125 0.087890625
3 0.0421875 0.431640625 0.225 0.20703125
