1 0.5953125 0.408203125 0.0421875 0.091796875
1 0.54375 0.4140625 0.0265625 0.109375
1 0.5125 0.427734375 0.01875 0.083984375
1 0.490625 0.427734375 0.01875 0.087890625
3 0.434375 0.447265625 0.034375 0.03515625
3 0.409375 0.447265625 0.0265625 0.037109375
3 0.3453125 0.4375 0.0640625 0.068359375
3 0.3265625 0.4453125 0.0265625 0.02734375
3 0.2953125 0.447265625 0.0375 0.037109375
3 0.2125 0.42578125 0.0828125 0.08203125
3 0.1296875 0.447265625 0.0234375 0.025390625
3 0.103125 0.443359375 0.021875 0.03125
3 0.0921875 0.447265625 0.0203125 0.037109375
3 0.0 0.439453125 0.0578125 0.08203125
