3 0.0 0.521484375 0.1671875 0.2109375
3 0.0953125 0.478515625 0.146875 0.154296875
3 0.475 0.427734375 0.034375 0.033203125
3 0.590625 0.4609375 0.0875 0.076171875
3 0.725 0.443359375 0.1234375 0.05859375
3 0.8578125 0.447265625 0.0953125 0.08984375
3 0.6890625 0.48046875 0.253125 0.23046875
1 0.65 0.431640625 0.01875 0.0390625
1 0.4515625 0.427734375 0.0203125 0.044921875
1 0.509375 0.427734375 0.0203125 0.041015625
3 0.9453125 0.416015625 0.053125 0.103515625
3 0.41875 0.435546875 0.03125 0.037109375
3 0.40625 0.443359375 0.025 0.037109375
3 0.39375 0.443359375 0.0265625 0.04296875
3 0.359375 0.453125 0.0453125 0.044921875
3 0.540625 0.439453125 0.0203125 0.033203125
3 0.55 0.4375 0.0578125 0.052734375
