2 0.146875 0.4609375 0.0609375 0.1484375
2 0.215625 0.4609375 0.05 0.115234375
1 0.146875 0.373046875 0.0625 0.1875
1 0.2140625 0.3828125 0.053125 0.181640625
1 0.5390625 0.38671875 0.0609375 0.203125
1 0.6234375 0.359375 0.0953125 0.36328125
3 0.0 0.41796875 0.096875 0.181640625
3 0.0453125 0.435546875 0.08125 0.087890625
3 0.421875 0.43359375 0.103125 0.087890625
3 0.4578125 0.453125 0.0546875 0.0859375
3 0.58125 0.4140625 0.059375 0.12890625
3 0.7125 0.40234375 0.2671875 0.20703125
3 0.80625 0.43359375 0.190625 0.208984375
1 0.30625 0.4375 0.0234375 0.08203125
1 0.3375 0.43359375 0.0265625 0.08203125
3 0.36875 0.439453125 0.046875 0.06640625
3 0.0 0.333984375 0.0296875 0.068359375
3 0.5140625 0.423828125 0.0359375 0.126953125
