1 0.1515625 0.455078125 0.0609375 0.130859375
1 0.2125 0.423828125 0.0203125 0.05859375
2 0.1453125 0.525390625 0.0375 0.0703125
2 0.1875 0.50390625 0.0453125 0.0859375
3 0.5375 0.43359375 0.065625 0.060546875
3 0.5015625 0.421875 0.0328125 0.029296875
3 0.428125 0.416015625 0.0265625 0.02734375
3 0.4765625 0.51171875 0.4171875 0.478515625
1 0.7203125 0.423828125 0.0265625 0.091796875
1 0.75625 0.427734375 0.025 0.0390625
1 0.78125 0.427734375 0.021875 0.04296875
1 0.9765625 0.435546875 0.0203125 0.09375
1 0.646875 0.431640625 0.028125 0.037109375
1 0.815625 0.44921875 0.021875 0.0234375
3 0.5265625 0.43359375 0.028125 0.044921875
1 0.3796875 0.4140625 0.01875 0.041015625
