3 0.7078125 0.44921875 0.025 0.033203125
3 0.6375 0.439453125 0.06875 0.044921875
1 0.590625 0.44140625 0.0296875 0.09765625
3 0.4890625 0.443359375 0.028125 0.025390625
3 0.453125 0.4453125 0.0265625 0.025390625
3 0.3453125 0.443359375 0.0359375 0.029296875
3 0.296875 0.443359375 0.053125 0.03125
3 0.2234375 0.439453125 0.08125 0.041015625
3 0.1671875 0.447265625 0.0703125 0.033203125
3 0.0890625 0.4453125 0.0421875 0.037109375
3 0.0375 0.435546875 0.0609375 0.05078125
3 0.8671875 0.4453125 0.0265625 0.0234375
