3 0.740625 0.546875 0.2578125 0.328125
3 0.6203125 0.49609375 0.2265625 0.197265625
3 0.6046875 0.458984375 0.1265625 0.126953125
3 0.55625 0.453125 0.0578125 0.056640625
3 0.0015625 0.4140625 0.1453125 0.119140625
3 0.146875 0.4453125 0.0875 0.05859375
1 0.225 0.45703125 0.0328125 0.076171875
3 0.1921875 0.4296875 0.071875 0.056640625
3 0.2890625 0.439453125 0.0703125 0.04296875
3 0.4203125 0.435546875 0.0265625 0.025390625
3 0.478125 0.4296875 0.025 0.0234375
3 0.53125 0.439453125 0.0375 0.037109375
