1 0.5375 0.46875 0.05 0.169921875
1 0.9625 0.44921875 0.0265625 0.0859375
1 0.9453125 0.431640625 0.0265625 0.09375
2 0.915625 0.49609375 0.078125 0.087890625
2 0.8796875 0.49609375 0.0578125 0.08203125
2 0.3125 0.4765625 0.028125 0.083984375
1 0.3171875 0.431640625 0.0296875 0.0859375
1 0.2828125 0.43359375 0.025 0.05859375
1 0.2125 0.42578125 0.03125 0.037109375
3 0.146875 0.458984375 0.115625 0.0703125
3 0.0546875 0.44921875 0.0984375 0.06640625
3 0.0 0.439453125 0.0671875 0.0625
2 0.2421875 0.5 0.0203125 0.041015625
2 0.265625 0.517578125 0.0203125 0.0390625
2 0.28125 0.51953125 0.021875 0.046875
