1 0.6796875 0.40625 0.0328125 0.103515625
1 0.609375 0.408203125 0.028125 0.109375
3 0.95 0.4296875 0.0484375 0.115234375
3 0.784375 0.4296875 0.0296875 0.0703125
3 0.2421875 0.447265625 0.125 0.119140625
3 0.0 0.5625 0.1390625 0.19921875
1 0.796875 0.412109375 0.0671875 0.244140625
1 0.54375 0.435546875 0.015625 0.046875
1 0.5890625 0.431640625 0.015625 0.05078125
1 0.65 0.416015625 0.03125 0.09765625
1 0.634375 0.421875 0.025 0.099609375
3 0.709375 0.4296875 0.0375 0.05859375
1 0.1453125 0.45703125 0.01875 0.03515625
1 0.11875 0.47265625 0.0203125 0.03125
1 0.1046875 0.45703125 0.0203125 0.064453125
3 0.434375 0.443359375 0.0484375 0.03515625
1 0.871875 0.361328125 0.0796875 0.275390625
3 0.93125 0.375 0.0671875 0.056640625
