1 0.6703125 0.44921875 0.0265625 0.11328125
1 0.7046875 0.443359375 0.034375 0.109375
1 0.8625 0.48046875 0.05 0.0859375
3 0.68125 0.548828125 0.315625 0.26171875
3 0.5578125 0.470703125 0.1125 0.103515625
3 0.525 0.435546875 0.084375 0.095703125
3 0.4984375 0.439453125 0.0453125 0.044921875
3 0.384375 0.42578125 0.0265625 0.0390625
3 0.3015625 0.453125 0.0515625 0.0546875
3 0.25 0.470703125 0.059375 0.076171875
3 0.1390625 0.466796875 0.11875 0.11328125
3 0.0 0.4609375 0.153125 0.259765625
3 0.3671875 0.43359375 0.03125 0.0390625
3 0.3640625 0.439453125 0.021875 0.03515625
3 0.3453125 0.443359375 0.0265625 0.041015625
3 0.2734375 0.466796875 0.0484375 0.0546875
