2 0.03125 0.484375 0.0515625 0.087890625
2 0.1828125 0.4609375 0.0203125 0.0625
2 0.2140625 0.455078125 0.0328125 0.052734375
3 0.528125 0.4296875 0.0453125 0.041015625
3 0.2421875 0.4140625 0.0515625 0.0703125
1 0.0421875 0.421875 0.040625 0.09765625
1 0.1765625 0.4140625 0.03125 0.06640625
1 0.21875 0.416015625 0.0265625 0.044921875
1 0.309375 0.4296875 0.01875 0.044921875
1 0.325 0.427734375 0.01875 0.046875
2 0.3265625 0.453125 0.015625 0.029296875
2 0.3140625 0.455078125 0.0109375 0.029296875
