3 0.6453125 0.431640625 0.1625 0.10546875
3 0.89375 0.4375 0.0453125 0.06640625
3 0.503125 0.4453125 0.10625 0.080078125
3 0.409375 0.4453125 0.0984375 0.083984375
1 0.209375 0.427734375 0.0109375 0.0703125
1 0.2234375 0.4296875 0.015625 0.025390625
2 0.29375 0.474609375 0.01875 0.04296875
1 0.6796875 0.4296875 0.021875 0.029296875
3 0.81875 0.43359375 0.0703125 0.095703125
1 0.315625 0.435546875 0.0171875 0.05078125
1 0.3 0.44140625 0.0140625 0.037109375
1 0.2671875 0.439453125 0.0125 0.03125
1 0.165625 0.4296875 0.021875 0.078125
2 0.1421875 0.470703125 0.01875 0.033203125
2 0.128125 0.458984375 0.0203125 0.046875
2 0.10625 0.453125 0.0234375 0.05859375
2 0.0734375 0.439453125 0.034375 0.11328125
2 0.040625 0.458984375 0.01875 0.0625
2 0.0109375 0.46484375 0.0328125 0.103515625
2 0.0 0.46484375 0.0171875 0.0703125
