2 0.0 0.462890625 0.096875 0.240234375
2 0.1328125 0.455078125 0.090625 0.177734375
1 0.340625 0.4296875 0.0234375 0.0859375
1 0.30625 0.431640625 0.01875 0.076171875
1 0.590625 0.341796875 0.1078125 0.408203125
18 0.678125 0.56640625 0.0296875 0.046875
1 0.146875 0.36328125 0.078125 0.23828125
1 0.0015625 0.33203125 0.0859375 0.30859375
3 0.86875 0.431640625 0.1296875 0.232421875
3 0.7390625 0.390625 0.259375 0.23046875
3 0.696875 0.427734375 0.0609375 0.15234375
3 0.5140625 0.416015625 0.0875 0.1484375
3 0.4578125 0.44921875 0.053125 0.0859375
3 0.415625 0.43359375 0.1171875 0.09375
3 0.36875 0.44140625 0.0421875 0.0703125
3 0.090625 0.435546875 0.0609375 0.091796875
1 0.5953125 0.369140625 0.0453125 0.046875
