2 0.5171875 0.44921875 0.01875 0.072265625
2 0.4734375 0.453125 0.0171875 0.068359375
1 0.1375 0.40625 0.025 0.08203125
2 0.6265625 0.458984375 0.028125 0.05078125
3 0.971875 0.3984375 0.0265625 0.048828125
2 0.4171875 0.44140625 0.009375 0.025390625
1 0.35625 0.423828125 0.015625 0.037109375
2 0.253125 0.4453125 0.021875 0.03515625
2 0.8609375 0.443359375 0.0453125 0.107421875
2 0.825 0.458984375 0.0421875 0.087890625
2 0.7984375 0.431640625 0.028125 0.08984375
1 0.71875 0.39453125 0.025 0.09375
1 0.684375 0.412109375 0.028125 0.037109375
1 0.61875 0.392578125 0.040625 0.064453125
1 0.509375 0.390625 0.0328125 0.115234375
1 0.4640625 0.40625 0.0328125 0.103515625
3 0.4296875 0.431640625 0.0234375 0.0234375
1 0.41875 0.41796875 0.0078125 0.02734375
3 0.39375 0.43359375 0.025 0.029296875
1 0.3046875 0.42578125 0.025 0.0546875
2 0.115625 0.45703125 0.0359375 0.064453125
2 0.0984375 0.453125 0.0265625 0.05859375
2 0.046875 0.453125 0.028125 0.076171875
