3 0.0 0.517578125 0.1609375 0.171875
3 0.121875 0.484375 0.11875 0.12109375
3 0.2046875 0.46484375 0.1046875 0.103515625
3 0.2734375 0.447265625 0.071875 0.078125
3 0.359375 0.439453125 0.0421875 0.0390625
3 0.58125 0.470703125 0.1234375 0.1171875
3 0.5421875 0.44140625 0.0640625 0.068359375
3 0.571875 0.44921875 0.084375 0.087890625
3 0.3484375 0.4453125 0.034375 0.041015625
3 0.415625 0.435546875 0.025 0.0234375
3 0.4640625 0.42578125 0.0203125 0.0234375
3 0.5296875 0.44140625 0.0234375 0.046875
3 0.503125 0.42578125 0.021875 0.03515625
3 0.5140625 0.43359375 0.0234375 0.033203125
1 0.446875 0.42578125 0.015625 0.03515625
1 0.48125 0.42578125 0.0171875 0.029296875
3 0.7171875 0.439453125 0.0578125 0.0625
3 0.9328125 0.41015625 0.065625 0.107421875
