3 0.003125 0.44140625 0.071875 0.05859375
3 0.0578125 0.447265625 0.0953125 0.06640625
3 0.153125 0.4609375 0.10625 0.068359375
1 0.2125 0.427734375 0.03125 0.033203125
1 0.328125 0.43359375 0.0296875 0.083984375
1 0.3 0.4296875 0.028125 0.06640625
1 0.56875 0.474609375 0.053125 0.171875
2 0.9125 0.49609375 0.075 0.091796875
2 0.875 0.5 0.0625 0.078125
2 0.3125 0.484375 0.0375 0.07421875
1 0.915625 0.43359375 0.0234375 0.0625
2 0.2890625 0.51171875 0.021875 0.05078125
1 0.3984375 0.431640625 0.025 0.08203125
