1 0.7 0.392578125 0.084375 0.24609375
3 0.771875 0.439453125 0.0421875 0.119140625
3 0.8828125 0.453125 0.04375 0.103515625
1 0.8015625 0.3984375 0.065625 0.234375
1 0.8546875 0.4140625 0.0359375 0.201171875
3 0.3796875 0.435546875 0.078125 0.091796875
3 0.328125 0.4453125 0.028125 0.033203125
3 0.2984375 0.458984375 0.040625 0.03515625
1 0.9265625 0.490234375 0.0359375 0.14453125
3 0.1140625 0.453125 0.0546875 0.052734375
3 0.0 0.435546875 0.065625 0.099609375
1 0.9359375 0.4296875 0.0375 0.193359375
1 0.940625 0.45703125 0.0578125 0.19140625
