2 0.8546875 0.677734375 0.14375 0.30859375
2 0.85625 0.5859375 0.05625 0.125
2 0.54375 0.501953125 0.0328125 0.123046875
2 0.475 0.50390625 0.0234375 0.12109375
3 0.36875 0.47265625 0.0421875 0.029296875
3 0.325 0.470703125 0.04375 0.041015625
1 0.734375 0.423828125 0.0390625 0.15625
1 0.43125 0.462890625 0.0140625 0.0390625
2 0.00625 0.46484375 0.0609375 0.107421875
2 0.0953125 0.474609375 0.0421875 0.080078125
1 0.884375 0.34375 0.1140625 0.5859375
1 0.85 0.37890625 0.0671875 0.162109375
1 0.6921875 0.427734375 0.021875 0.08203125
1 0.675 0.42578125 0.0203125 0.0703125
1 0.528125 0.390625 0.065625 0.203125
1 0.4625 0.404296875 0.0453125 0.208984375
