3 0.515625 0.45703125 0.1046875 0.09375
3 0.490625 0.45703125 0.046875 0.078125
3 0.478125 0.46484375 0.03125 0.0546875
3 0.390625 0.462890625 0.053125 0.05078125
3 0.459375 0.46484375 0.0234375 0.041015625
2 0.26875 0.470703125 0.009375 0.044921875
1 0.690625 0.439453125 0.0234375 0.083984375
1 0.659375 0.447265625 0.0203125 0.07421875
2 0.134375 0.474609375 0.0328125 0.07421875
1 0.3703125 0.458984375 0.009375 0.0234375
2 0.3703125 0.4765625 0.009375 0.021484375
2 0.284375 0.494140625 0.0171875 0.037109375
1 0.2796875 0.458984375 0.0234375 0.029296875
2 0.2515625 0.474609375 0.01875 0.0390625
2 0.2140625 0.48046875 0.0203125 0.052734375
2 0.19375 0.46875 0.0265625 0.06640625
2 0.1640625 0.4765625 0.0234375 0.05078125
2 0.1078125 0.474609375 0.03125 0.0703125
2 0.0671875 0.5078125 0.046875 0.056640625
2 0.0390625 0.486328125 0.0328125 0.07421875
3 0.94375 0.4609375 0.0546875 0.076171875
1 0.7765625 0.453125 0.01875 0.064453125
