3 0.9265625 0.568359375 0.071875 0.337890625
3 0.68125 0.37890625 0.315625 0.34375
3 0.615625 0.4140625 0.1375 0.1640625
3 0.5890625 0.458984375 0.05 0.078125
3 0.5046875 0.439453125 0.0609375 0.07421875
3 0.459375 0.455078125 0.0765625 0.0703125
3 0.40625 0.47265625 0.0328125 0.0234375
3 0.2734375 0.474609375 0.0515625 0.056640625
3 0.234375 0.46484375 0.0359375 0.078125
3 0.103125 0.43359375 0.1328125 0.14453125
3 0.0 0.421875 0.134375 0.21484375
3 0.3671875 0.46875 0.040625 0.02734375
1 0.5734375 0.45703125 0.0125 0.0234375
