1 0.334375 0.443359375 0.0234375 0.072265625
1 0.3578125 0.42578125 0.021875 0.091796875
1 0.59375 0.427734375 0.0234375 0.072265625
1 0.625 0.4140625 0.0234375 0.091796875
3 0.7796875 0.423828125 0.05625 0.083984375
3 0.8515625 0.380859375 0.1453125 0.134765625
3 0.9078125 0.4296875 0.0859375 0.1171875
1 0.159375 0.458984375 0.01875 0.04296875
1 0.1171875 0.470703125 0.021875 0.03515625
1 0.465625 0.43359375 0.01875 0.046875
1 0.58125 0.4296875 0.01875 0.052734375
1 0.5703125 0.427734375 0.01875 0.0546875
3 0.7078125 0.431640625 0.0359375 0.052734375
1 0.6625 0.416015625 0.01875 0.0390625
