3 0.93125 0.4375 0.065625 0.078125
3 0.5484375 0.447265625 0.0484375 0.0546875
3 0.0625 0.447265625 0.0921875 0.10546875
3 0.15 0.447265625 0.0859375 0.076171875
3 0.2125 0.455078125 0.05625 0.0546875
3 0.265625 0.45703125 0.040625 0.046875
3 0.3578125 0.453125 0.034375 0.03125
3 0.51875 0.453125 0.03125 0.0390625
3 0.4921875 0.4453125 0.0234375 0.037109375
3 0.825 0.443359375 0.1 0.072265625
3 0.0015625 0.41015625 0.06875 0.15625
3 0.45 0.44921875 0.0140625 0.017578125
3 0.43125 0.447265625 0.015625 0.021484375
