3 0.778125 0.427734375 0.0609375 0.072265625
3 0.85 0.376953125 0.146875 0.146484375
3 0.90625 0.4296875 0.0921875 0.119140625
1 0.74375 0.400390625 0.0375 0.162109375
1 0.7203125 0.41015625 0.034375 0.15234375
1 0.7046875 0.400390625 0.0296875 0.15625
1 0.665625 0.396484375 0.040625 0.162109375
1 0.3265625 0.44921875 0.01875 0.0546875
1 0.30625 0.455078125 0.0125 0.05078125
1 0.0953125 0.466796875 0.03125 0.05859375
1 0.640625 0.416015625 0.0265625 0.064453125
1 0.621875 0.42578125 0.025 0.06640625
1 0.5984375 0.427734375 0.028125 0.068359375
1 0.5890625 0.431640625 0.021875 0.06640625
1 0.31875 0.44921875 0.009375 0.056640625
