3 0.5046875 0.4453125 0.059375 0.052734375
3 0.44375 0.46875 0.08125 0.0703125
1 0.4296875 0.44140625 0.0234375 0.076171875
3 0.3703125 0.4453125 0.06875 0.0703125
3 0.1984375 0.466796875 0.1 0.09765625
3 0.1390625 0.466796875 0.040625 0.1015625
3 0.23125 0.498046875 0.18125 0.140625
3 0.765625 0.4765625 0.059375 0.09375
3 0.778125 0.484375 0.1375 0.1328125
3 0.746875 0.453125 0.09375 0.0859375
3 0.728125 0.455078125 0.040625 0.06640625
3 0.70625 0.458984375 0.0234375 0.037109375
3 0.5953125 0.4375 0.021875 0.0234375
3 0.675 0.443359375 0.0203125 0.02734375
3 0.6796875 0.44921875 0.0234375 0.029296875
