3 0.0 0.556640625 0.121875 0.30859375
3 0.0703125 0.505859375 0.2125 0.220703125
3 0.2203125 0.447265625 0.1703125 0.193359375
3 0.3734375 0.462890625 0.0515625 0.08984375
3 0.4015625 0.455078125 0.046875 0.076171875
3 0.4796875 0.435546875 0.03125 0.033203125
3 0.66875 0.47265625 0.078125 0.076171875
3 0.7015625 0.490234375 0.1015625 0.09375
3 0.7578125 0.501953125 0.128125 0.125
3 0.8265625 0.52734375 0.14375 0.171875
1 0.9109375 0.578125 0.0875 0.341796875
1 0.5984375 0.447265625 0.0328125 0.109375
1 0.5265625 0.431640625 0.0375 0.115234375
2 0.53125 0.498046875 0.021875 0.05859375
1 0.453125 0.431640625 0.01875 0.041015625
1 0.4390625 0.427734375 0.01875 0.0234375
3 0.434375 0.44921875 0.0375 0.0546875
3 0.846875 0.462890625 0.059375 0.04296875
