1 0.421875 0.408203125 0.04375 0.169921875
1 0.3078125 0.421875 0.025 0.1015625
1 0.1125 0.3984375 0.0484375 0.162109375
3 0.0 0.380859375 0.0609375 0.1640625
3 0.0453125 0.431640625 0.0671875 0.099609375
3 0.33125 0.431640625 0.0859375 0.08984375
3 0.4515625 0.43359375 0.084375 0.0390625
3 0.4640625 0.453125 0.0734375 0.10546875
3 0.5140625 0.423828125 0.1015625 0.1484375
3 0.5546875 0.427734375 0.078125 0.154296875
3 0.6078125 0.416015625 0.0671875 0.166015625
3 0.6484375 0.30078125 0.3484375 0.357421875
3 0.2734375 0.4453125 0.040625 0.060546875
3 0.240625 0.4453125 0.046875 0.046875
3 0.209375 0.4453125 0.03125 0.044921875
1 0.1625 0.43359375 0.0203125 0.060546875
