3 0.0046875 0.404296875 0.1171875 0.25
3 0.0625 0.4140625 0.084375 0.15234375
3 0.1296875 0.431640625 0.11875 0.138671875
3 0.228125 0.421875 0.0703125 0.119140625
3 0.334375 0.447265625 0.034375 0.03125
3 0.584375 0.4453125 0.09375 0.091796875
3 0.6046875 0.4609375 0.0703125 0.107421875
3 0.625 0.470703125 0.1625 0.15234375
3 0.76875 0.525390625 0.228125 0.466796875
3 0.7078125 0.43359375 0.0953125 0.072265625
3 0.4578125 0.44921875 0.028125 0.03125
3 0.4234375 0.44921875 0.034375 0.033203125
1 0.403125 0.439453125 0.0171875 0.041015625
1 0.525 0.4453125 0.015625 0.05078125
1 0.5140625 0.443359375 0.0125 0.056640625
1 0.50625 0.443359375 0.009375 0.0546875
