1 0.365625 0.427734375 0.0359375 0.095703125
2 0.3640625 0.48828125 0.0375 0.0703125
1 0.7296875 0.4296875 0.0296875 0.09375
1 0.6453125 0.431640625 0.0296875 0.041015625
1 0.7765625 0.41796875 0.0296875 0.052734375
2 0.571875 0.45703125 0.0609375 0.046875
3 0.540625 0.43359375 0.0578125 0.064453125
3 0.4890625 0.5078125 0.34375 0.38671875
1 0.9796875 0.43359375 0.01875 0.1015625
1 0.2015625 0.427734375 0.01875 0.056640625
3 0.528125 0.44140625 0.025 0.0390625
3 0.5 0.41796875 0.028125 0.033203125
3 0.428125 0.421875 0.0234375 0.025390625
