1 0.915625 0.53125 0.0796875 0.271484375
2 0.9 0.685546875 0.090625 0.19921875
2 0.7234375 0.541015625 0.0328125 0.095703125
1 0.9328125 0.46484375 0.0359375 0.064453125
1 0.8875 0.453125 0.0421875 0.072265625
1 0.5640625 0.4296875 0.01875 0.056640625
1 0.5484375 0.427734375 0.01875 0.060546875
1 0.103125 0.435546875 0.0234375 0.078125
1 0.075 0.431640625 0.0265625 0.087890625
3 0.5953125 0.45703125 0.1046875 0.078125
1 0.709375 0.462890625 0.0546875 0.1328125
3 0.8375 0.517578125 0.1 0.140625
3 0.7625 0.46484375 0.13125 0.16796875
3 0.39375 0.43359375 0.0546875 0.03515625
3 0.4265625 0.44140625 0.0546875 0.052734375
3 0.484375 0.439453125 0.0515625 0.05859375
3 0.2953125 0.42578125 0.034375 0.02734375
1 0.3578125 0.4296875 0.0125 0.0390625
1 0.3453125 0.4296875 0.015625 0.0390625
