1 0.771875 0.458984375 0.0375 0.123046875
1 0.7203125 0.458984375 0.046875 0.119140625
3 0.7765625 0.62109375 0.21875 0.375
3 0.584375 0.47265625 0.1421875 0.126953125
3 0.540625 0.4375 0.096875 0.103515625
3 0.509375 0.4453125 0.046875 0.041015625
3 0.3671875 0.4375 0.0421875 0.03515625
3 0.3046875 0.458984375 0.053125 0.05078125
3 0.271875 0.46875 0.0484375 0.0703125
3 0.221875 0.47265625 0.0765625 0.09765625
3 0.0875 0.466796875 0.1546875 0.15234375
3 0.0 0.52734375 0.075 0.203125
3 0.659375 0.439453125 0.0671875 0.044921875
3 0.3375 0.455078125 0.034375 0.037109375
3 0.4984375 0.439453125 0.0375 0.03515625
3 0.41875 0.427734375 0.0203125 0.0234375
