3 0.9328125 0.435546875 0.065625 0.064453125
3 0.9125 0.42578125 0.025 0.068359375
3 0.8421875 0.439453125 0.065625 0.046875
3 0.7640625 0.41015625 0.0765625 0.07421875
1 0.740625 0.4140625 0.021875 0.056640625
1 0.696875 0.408203125 0.0234375 0.09375
1 0.6765625 0.40234375 0.01875 0.06640625
1 0.6578125 0.40234375 0.0203125 0.078125
1 0.6421875 0.400390625 0.0203125 0.05078125
1 0.615625 0.39453125 0.0203125 0.0546875
1 0.5984375 0.396484375 0.0203125 0.052734375
1 0.5796875 0.396484375 0.021875 0.05078125
1 0.5625 0.400390625 0.0203125 0.052734375
1 0.546875 0.40234375 0.01875 0.044921875
1 0.5375 0.40234375 0.01875 0.04296875
1 0.525 0.404296875 0.01875 0.04296875
1 0.5046875 0.41015625 0.01875 0.044921875
3 0.4296875 0.4296875 0.0296875 0.02734375
1 0.2765625 0.431640625 0.0125 0.02734375
1 0.2671875 0.423828125 0.0140625 0.0390625
1 0.253125 0.419921875 0.0125 0.044921875
1 0.2390625 0.4140625 0.01875 0.046875
1 0.2265625 0.416015625 0.01875 0.044921875
3 0.0890625 0.431640625 0.128125 0.111328125
