1 0.8796875 0.435546875 0.040625 0.130859375
1 0.8234375 0.435546875 0.0359375 0.134765625
1 0.7578125 0.4609375 0.0328125 0.107421875
3 0.4765625 0.49609375 0.03125 0.02734375
3 0.465625 0.484375 0.021875 0.025390625
3 0.4515625 0.474609375 0.021875 0.0234375
3 0.45 0.4609375 0.028125 0.0234375
3 0.3875 0.455078125 0.021875 0.02734375
3 0.3765625 0.46484375 0.0203125 0.025390625
3 0.359375 0.470703125 0.0234375 0.03125
3 0.346875 0.47265625 0.025 0.033203125
3 0.3234375 0.486328125 0.034375 0.03515625
3 0.18125 0.48046875 0.1390625 0.119140625
1 0.51875 0.470703125 0.0109375 0.02734375
