3 0.9421875 0.404296875 0.04375 0.05078125
3 0.79375 0.421875 0.0375 0.04296875
3 0.671875 0.43359375 0.040625 0.046875
1 0.709375 0.44140625 0.0234375 0.05078125
3 0.4328125 0.443359375 0.0546875 0.056640625
3 0.4203125 0.44140625 0.0203125 0.03125
3 0.1984375 0.45703125 0.065625 0.056640625
3 0.103125 0.470703125 0.059375 0.05078125
3 0.5140625 0.453125 0.0328125 0.03515625
3 0.384375 0.4453125 0.01875 0.025390625
3 0.3625 0.44921875 0.021875 0.029296875
3 0.328125 0.453125 0.028125 0.033203125
3 0.2953125 0.453125 0.03125 0.03515625
3 0.259375 0.451171875 0.0203125 0.04296875
