3 0.0 0.37890625 0.053125 0.08984375
3 0.059375 0.369140625 0.1421875 0.05859375
1 0.0578125 0.38671875 0.05 0.09375
1 0.109375 0.396484375 0.0375 0.083984375
1 0.1875 0.38671875 0.0421875 0.11328125
1 0.2671875 0.38671875 0.03125 0.083984375
1 0.3484375 0.3828125 0.0296875 0.107421875
1 0.5078125 0.38671875 0.03125 0.078125
1 0.4734375 0.396484375 0.028125 0.072265625
1 0.434375 0.40234375 0.034375 0.076171875
3 0.8453125 0.380859375 0.0703125 0.087890625
2 0.0953125 0.466796875 0.0625 0.05859375
1 0.4015625 0.3828125 0.03125 0.076171875
1 0.3890625 0.396484375 0.0234375 0.056640625
1 0.23125 0.41015625 0.0265625 0.0390625
1 0.2421875 0.408203125 0.0328125 0.052734375
1 0.153125 0.400390625 0.03125 0.060546875
1 0.3234375 0.408203125 0.03125 0.0390625
1 0.2875 0.40625 0.0296875 0.044921875
2 0.0 0.48828125 0.01875 0.041015625
2 0.24375 0.46484375 0.03125 0.0390625
2 0.2796875 0.46484375 0.025 0.03515625
2 0.3796875 0.44921875 0.0234375 0.041015625
2 0.40625 0.4453125 0.021875 0.037109375
2 0.50625 0.431640625 0.0234375 0.041015625
2 0.475 0.439453125 0.021875 0.037109375
