3 0.6171875 0.396484375 0.071875 0.103515625
1 0.590625 0.40234375 0.0328125 0.095703125
1 0.5625 0.396484375 0.0328125 0.1015625
1 0.3703125 0.39453125 0.0328125 0.076171875
3 0.31875 0.404296875 0.059375 0.0625
3 0.1625 0.40234375 0.0671875 0.05859375
3 0.009375 0.380859375 0.084375 0.09765625
3 0.09375 0.390625 0.05 0.064453125
3 0.203125 0.3984375 0.1171875 0.103515625
3 0.0484375 0.36328125 0.1078125 0.076171875
3 0.3921875 0.40625 0.03125 0.05078125
3 0.4203125 0.40625 0.025 0.044921875
3 0.440625 0.408203125 0.021875 0.037109375
3 0.4484375 0.400390625 0.028125 0.037109375
