1 0.7546875 0.421875 0.05625 0.1328125
3 0.5484375 0.4296875 0.0859375 0.076171875
3 0.521875 0.416015625 0.046875 0.0625
3 0.50625 0.408203125 0.03125 0.056640625
3 0.4921875 0.400390625 0.0234375 0.056640625
3 0.465625 0.353515625 0.0265625 0.025390625
3 0.446875 0.35546875 0.0203125 0.0234375
3 0.41875 0.359375 0.0234375 0.0234375
3 0.4671875 0.380859375 0.034375 0.037109375
3 0.3625 0.359375 0.028125 0.02734375
3 0.3484375 0.37109375 0.01875 0.03125
3 0.340625 0.380859375 0.01875 0.03125
3 0.325 0.38671875 0.021875 0.037109375
3 0.3125 0.39453125 0.0234375 0.05078125
3 0.26875 0.408203125 0.0484375 0.05078125
3 0.175 0.427734375 0.0890625 0.076171875
3 0.053125 0.404296875 0.078125 0.0546875
3 0.015625 0.400390625 0.0296875 0.056640625
1 0.6921875 0.423828125 0.021875 0.03515625
