2 0.2921875 0.642578125 0.040625 0.138671875
1 0.6734375 0.462890625 0.078125 0.27734375
1 0.26875 0.490234375 0.084375 0.279296875
3 0.225 0.474609375 0.0765625 0.08984375
3 0.3296875 0.455078125 0.065625 0.0703125
3 0.3890625 0.443359375 0.040625 0.046875
3 0.459375 0.4453125 0.0453125 0.03125
3 0.603125 0.443359375 0.078125 0.1171875
3 0.7234375 0.4921875 0.0625 0.1328125
3 0.634375 0.4921875 0.0515625 0.1171875
3 0.91875 0.740234375 0.078125 0.22265625
3 0.73125 0.45703125 0.1234375 0.0703125
3 0.753125 0.4296875 0.0484375 0.02734375
3 0.8640625 0.431640625 0.1328125 0.087890625
3 0.9015625 0.455078125 0.096875 0.078125
3 0.56875 0.443359375 0.065625 0.072265625
3 0.5578125 0.443359375 0.0265625 0.04296875
3 0.1765625 0.46484375 0.103125 0.0703125
3 0.4234375 0.4375 0.021875 0.044921875
3 0.4265625 0.4375 0.0296875 0.04296875
