2 0.853125 0.51171875 0.0921875 0.138671875
2 0.96875 0.48046875 0.0296875 0.138671875
2 0.553125 0.5078125 0.0671875 0.125
2 0.4625 0.515625 0.075 0.115234375
2 0.403125 0.4765625 0.0765625 0.12890625
2 0.353125 0.5234375 0.046875 0.072265625
2 0.221875 0.4921875 0.0265625 0.087890625
2 0.1140625 0.4921875 0.0234375 0.072265625
1 0.890625 0.373046875 0.1 0.232421875
1 0.48125 0.404296875 0.096875 0.1953125
1 0.36875 0.373046875 0.08125 0.203125
1 0.20625 0.43359375 0.0515625 0.115234375
1 0.1078125 0.4296875 0.0359375 0.1171875
3 0.5453125 0.44140625 0.0421875 0.072265625
3 0.265625 0.44921875 0.078125 0.0703125
3 0.3234375 0.4375 0.040625 0.060546875
3 0.1390625 0.43359375 0.0765625 0.0859375
3 0.0 0.443359375 0.0859375 0.1171875
