3 0.7171875 0.57421875 0.184375 0.224609375
3 0.815625 0.53125 0.1796875 0.41796875
3 0.0 0.61328125 0.046875 0.18359375
3 0.00625 0.556640625 0.2015625 0.189453125
3 0.05 0.50390625 0.1375 0.05859375
3 0.1390625 0.53515625 0.1265625 0.119140625
3 0.2296875 0.525390625 0.08125 0.095703125
3 0.2984375 0.521484375 0.065625 0.06640625
3 0.3328125 0.5 0.05625 0.06640625
1 0.8078125 0.5234375 0.04375 0.052734375
3 0.5640625 0.50390625 0.028125 0.04296875
3 0.5515625 0.501953125 0.025 0.0390625
3 0.3765625 0.50390625 0.03125 0.044921875
3 0.3953125 0.5078125 0.0265625 0.0390625
3 0.4078125 0.505859375 0.021875 0.025390625
1 0.8890625 0.50390625 0.01875 0.056640625
3 0.428125 0.5 0.0171875 0.025390625
3 0.446875 0.498046875 0.0125 0.015625
3 0.490625 0.490234375 0.0140625 0.017578125
3 0.5328125 0.501953125 0.015625 0.025390625
3 0.6046875 0.498046875 0.0203125 0.04296875
