3 0.0015625 0.455078125 0.0765625 0.12109375
3 0.546875 0.44921875 0.1046875 0.06640625
3 0.6390625 0.44921875 0.096875 0.05859375
3 0.740625 0.439453125 0.10625 0.068359375
3 0.8390625 0.44921875 0.053125 0.05078125
1 0.359375 0.4375 0.025 0.09765625
1 0.475 0.431640625 0.0375 0.10546875
1 0.51875 0.4296875 0.040625 0.072265625
1 0.946875 0.435546875 0.0296875 0.1015625
2 0.5140625 0.48828125 0.0484375 0.044921875
1 0.709375 0.435546875 0.0203125 0.04296875
1 0.8890625 0.4375 0.01875 0.05078125
1 0.90625 0.435546875 0.0203125 0.060546875
1 0.9328125 0.44140625 0.0203125 0.05078125
1 0.6296875 0.44140625 0.0203125 0.033203125
1 0.6171875 0.443359375 0.015625 0.01953125
