3 0.515625 0.423828125 0.1625 0.1484375
3 0.2953125 0.43359375 0.0578125 0.056640625
3 0.3640625 0.44140625 0.0390625 0.046875
1 0.3890625 0.408203125 0.0484375 0.119140625
1 0.2296875 0.423828125 0.0203125 0.060546875
1 0.75 0.40625 0.0359375 0.072265625
1 0.6546875 0.421875 0.0140625 0.041015625
1 0.6390625 0.41796875 0.0140625 0.029296875
1 0.521875 0.416015625 0.0171875 0.048828125
1 0.934375 0.408203125 0.0171875 0.025390625
2 0.4203125 0.462890625 0.009375 0.029296875
2 0.878125 0.435546875 0.046875 0.1171875
2 0.7109375 0.455078125 0.025 0.052734375
1 0.7265625 0.44140625 0.0109375 0.01953125
1 0.41875 0.423828125 0.015625 0.04296875
1 0.4375 0.427734375 0.0140625 0.037109375
3 0.4515625 0.4296875 0.0171875 0.03515625
2 0.434375 0.46875 0.0109375 0.025390625
1 0.275 0.431640625 0.0140625 0.048828125
2 0.9296875 0.478515625 0.0484375 0.07421875
