3 0.003125 0.439453125 0.2125 0.201171875
3 0.0 0.44921875 0.046875 0.22265625
3 0.3140625 0.466796875 0.0953125 0.078125
3 0.39375 0.466796875 0.021875 0.03125
1 0.4140625 0.45703125 0.021875 0.076171875
2 0.503125 0.494140625 0.0421875 0.04296875
3 0.4375 0.46484375 0.0203125 0.052734375
3 0.446875 0.46484375 0.0359375 0.04296875
3 0.7890625 0.412109375 0.209375 0.20703125
3 0.759375 0.46484375 0.0578125 0.091796875
3 0.7265625 0.46484375 0.06875 0.078125
3 0.69375 0.462890625 0.0578125 0.05859375
3 0.1328125 0.4296875 0.1046875 0.09765625
3 0.675 0.462890625 0.021875 0.056640625
3 0.65 0.4609375 0.0296875 0.04296875
3 0.6265625 0.4609375 0.0265625 0.03515625
3 0.6140625 0.4609375 0.0203125 0.02734375
3 0.590625 0.4609375 0.021875 0.02734375
1 0.5125 0.443359375 0.025 0.056640625
3 0.4828125 0.462890625 0.0265625 0.037109375
