1 0.725 0.46484375 0.025 0.091796875
2 0.6453125 0.501953125 0.0203125 0.041015625
1 0.6453125 0.478515625 0.0171875 0.029296875
1 0.559375 0.4765625 0.01875 0.044921875
3 0.54375 0.486328125 0.0203125 0.03125
3 0.365625 0.46484375 0.0421875 0.03125
3 0.3453125 0.4765625 0.0234375 0.02734375
3 0.29375 0.466796875 0.0421875 0.03125
3 0.196875 0.47265625 0.046875 0.02734375
3 0.0796875 0.466796875 0.11875 0.08984375
3 0.2546875 0.46875 0.0375 0.029296875
3 0.0015625 0.466796875 0.0828125 0.091796875
