1 0.8703125 0.470703125 0.05625 0.154296875
1 0.8203125 0.474609375 0.04375 0.15234375
3 0.625 0.4921875 0.1828125 0.15625
3 0.56875 0.439453125 0.121875 0.123046875
3 0.5390625 0.447265625 0.0515625 0.044921875
3 0.0234375 0.474609375 0.2 0.1875
3 0.2015625 0.484375 0.0953125 0.103515625
3 0.2578125 0.478515625 0.06875 0.068359375
3 0.3046875 0.462890625 0.0625 0.05859375
3 0.35625 0.44921875 0.040625 0.04296875
3 0.3921875 0.4375 0.0375 0.037109375
3 0.4125 0.431640625 0.03125 0.033203125
3 0.525 0.435546875 0.040625 0.0390625
3 0.7015625 0.44140625 0.059375 0.041015625
3 0.7578125 0.439453125 0.0609375 0.052734375
