1 0.1 0.455078125 0.0265625 0.060546875
1 0.50625 0.4296875 0.0203125 0.056640625
3 0.0015625 0.515625 0.15625 0.232421875
3 0.1015625 0.50390625 0.1453125 0.11328125
3 0.196875 0.45703125 0.1171875 0.103515625
3 0.290625 0.46484375 0.053125 0.068359375
3 0.3625 0.4296875 0.0546875 0.0625
3 0.8453125 0.6328125 0.153125 0.359375
3 0.6625 0.46875 0.2140625 0.2109375
3 0.621875 0.47265625 0.0859375 0.115234375
3 0.60625 0.466796875 0.06875 0.08984375
3 0.5875 0.44140625 0.0796875 0.095703125
3 0.3171875 0.4609375 0.040625 0.0625
3 0.4125 0.435546875 0.0265625 0.03515625
3 0.5390625 0.43359375 0.059375 0.0625
3 0.5703125 0.443359375 0.0296875 0.0859375
