3 0.8796875 0.380859375 0.115625 0.134765625
3 0.9078125 0.42578125 0.090625 0.12109375
1 0.8140625 0.376953125 0.075 0.2109375
1 0.78125 0.3984375 0.040625 0.189453125
1 0.7328125 0.38671875 0.046875 0.18359375
1 0.6890625 0.380859375 0.0421875 0.203125
1 0.6640625 0.396484375 0.0328125 0.162109375
1 0.2515625 0.458984375 0.0234375 0.0546875
1 0.225 0.4609375 0.0265625 0.052734375
1 0.1125 0.46875 0.0234375 0.03515625
1 0.0953125 0.466796875 0.0234375 0.0546875
1 0.625 0.427734375 0.03125 0.068359375
1 0.6046875 0.431640625 0.028125 0.06640625
1 0.565625 0.43359375 0.0203125 0.048828125
1 0.5515625 0.43359375 0.0125 0.046875
3 0.434375 0.443359375 0.0453125 0.033203125
