1 0.728125 0.447265625 0.015625 0.0546875
1 0.71875 0.44921875 0.0109375 0.05078125
1 0.709375 0.44921875 0.009375 0.044921875
1 0.703125 0.4453125 0.0078125 0.05078125
1 0.6875 0.44140625 0.0140625 0.0625
1 0.675 0.447265625 0.0109375 0.056640625
1 0.6609375 0.447265625 0.0109375 0.0546875
1 0.6515625 0.4453125 0.0109375 0.0546875
1 0.6328125 0.447265625 0.0125 0.05078125
1 0.615625 0.44921875 0.0125 0.05078125
1 0.60625 0.447265625 0.0109375 0.029296875
1 0.59375 0.44140625 0.0109375 0.037109375
1 0.578125 0.439453125 0.0125 0.037109375
1 0.5640625 0.4375 0.0125 0.041015625
3 0.459375 0.43359375 0.0171875 0.015625
3 0.415625 0.447265625 0.0734375 0.068359375
3 0.334375 0.4375 0.025 0.02734375
3 0.0 0.443359375 0.103125 0.12890625
