3 0.9015625 0.431640625 0.096875 0.115234375
3 0.8625 0.375 0.134375 0.140625
1 0.8203125 0.3671875 0.0546875 0.2265625
1 0.65 0.41796875 0.0296875 0.109375
1 0.6203125 0.40625 0.0328125 0.125
1 0.346875 0.42578125 0.040625 0.125
1 0.4453125 0.435546875 0.0171875 0.05859375
3 0.778125 0.43359375 0.0484375 0.060546875
1 0.159375 0.45703125 0.0203125 0.044921875
1 0.103125 0.462890625 0.021875 0.060546875
1 0.5421875 0.43359375 0.0203125 0.05078125
1 0.5625 0.42578125 0.0203125 0.060546875
3 0.709375 0.427734375 0.0375 0.060546875
1 0.1171875 0.47265625 0.0203125 0.03125
1 0.453125 0.4296875 0.0203125 0.0625
