3 0.81875 0.5390625 0.1796875 0.19921875
3 0.6125 0.455078125 0.06875 0.060546875
3 0.5265625 0.435546875 0.034375 0.03515625
3 0.415625 0.439453125 0.0453125 0.056640625
3 0.4578125 0.4453125 0.0234375 0.037109375
3 0.3390625 0.45703125 0.084375 0.08203125
3 0.003125 0.453125 0.084375 0.099609375
3 0.0578125 0.4609375 0.2328125 0.259765625
3 0.0 0.552734375 0.109375 0.21484375
3 0.071875 0.41796875 0.0875 0.0625
3 0.0015625 0.412109375 0.053125 0.03515625
3 0.5875 0.439453125 0.034375 0.044921875
3 0.178125 0.439453125 0.096875 0.05859375
