2 0.928125 0.603515625 0.0703125 0.162109375
2 0.5375 0.48046875 0.021875 0.05859375
2 0.4796875 0.48046875 0.01875 0.0546875
2 0.0921875 0.486328125 0.0390625 0.08203125
2 0.0453125 0.4765625 0.034375 0.09375
2 0.8 0.4609375 0.0578125 0.140625
2 0.6828125 0.458984375 0.03125 0.083984375
3 0.35625 0.458984375 0.075 0.03125
2 0.5984375 0.4921875 0.046875 0.029296875
1 0.190625 0.43359375 0.0140625 0.068359375
3 0.8828125 0.427734375 0.05 0.048828125
1 0.9390625 0.37109375 0.059375 0.228515625
2 0.8984375 0.48046875 0.03125 0.12890625
2 0.8625 0.4921875 0.0328125 0.115234375
1 0.6453125 0.4375 0.01875 0.052734375
1 0.625 0.435546875 0.0203125 0.0546875
1 0.6046875 0.435546875 0.025 0.052734375
1 0.584375 0.439453125 0.021875 0.041015625
1 0.534375 0.423828125 0.025 0.10546875
1 0.4703125 0.43359375 0.03125 0.091796875
3 0.4484375 0.453125 0.01875 0.02734375
2 0.725 0.494140625 0.0140625 0.056640625
2 0.2125 0.4765625 0.0375 0.052734375
2 0.1578125 0.474609375 0.0203125 0.056640625
2 0.1328125 0.4765625 0.0265625 0.05859375
