1 0.8953125 0.423828125 0.04375 0.150390625
1 0.8640625 0.443359375 0.034375 0.123046875
1 0.8375 0.453125 0.028125 0.087890625
1 0.80625 0.44140625 0.0203125 0.0234375
1 0.8015625 0.46484375 0.0328125 0.109375
1 0.7703125 0.455078125 0.03125 0.123046875
1 0.7515625 0.462890625 0.01875 0.103515625
1 0.7203125 0.48046875 0.01875 0.0703125
1 0.7 0.484375 0.0203125 0.07421875
1 0.678125 0.48046875 0.01875 0.078125
1 0.665625 0.478515625 0.015625 0.06640625
1 0.6484375 0.484375 0.021875 0.068359375
1 0.6296875 0.490234375 0.0203125 0.06640625
1 0.609375 0.48828125 0.01875 0.0625
1 0.590625 0.4921875 0.0203125 0.0546875
1 0.5671875 0.46875 0.0140625 0.0390625
1 0.55625 0.474609375 0.0125 0.03515625
1 0.5390625 0.478515625 0.01875 0.044921875
1 0.51875 0.4765625 0.0203125 0.037109375
3 0.425 0.45703125 0.025 0.0234375
3 0.4046875 0.44921875 0.01875 0.02734375
3 0.415625 0.46875 0.028125 0.025390625
3 0.4203125 0.484375 0.1140625 0.111328125
3 0.38125 0.494140625 0.0515625 0.087890625
3 0.35625 0.49609375 0.0296875 0.0390625
3 0.3015625 0.486328125 0.05625 0.046875
1 0.25 0.48046875 0.0109375 0.046875
1 0.23125 0.498046875 0.01875 0.046875
1 0.225 0.48046875 0.015625 0.05078125
3 0.128125 0.509765625 0.05 0.052734375
3 0.090625 0.505859375 0.0296875 0.052734375
