1 0.7203125 0.435546875 0.01875 0.09375
1 0.6953125 0.43359375 0.021875 0.099609375
1 0.6703125 0.4453125 0.021875 0.083984375
3 0.5546875 0.435546875 0.103125 0.060546875
3 0.478125 0.435546875 0.028125 0.029296875
3 0.425 0.423828125 0.021875 0.0234375
3 0.4046875 0.435546875 0.0296875 0.037109375
3 0.38125 0.43359375 0.028125 0.025390625
3 0.3625 0.455078125 0.0453125 0.03515625
3 0.275 0.447265625 0.0546875 0.041015625
3 0.21875 0.447265625 0.0546875 0.0625
3 0.1390625 0.455078125 0.0828125 0.072265625
3 0.0 0.42578125 0.1421875 0.12890625
