3 0.15625 0.466796875 0.128125 0.140625
3 0.403125 0.435546875 0.046875 0.044921875
3 0.5484375 0.431640625 0.0375 0.041015625
3 0.9140625 0.61328125 0.084375 0.201171875
3 0.834375 0.455078125 0.0875 0.1015625
3 0.7484375 0.453125 0.065625 0.07421875
1 0.278125 0.44140625 0.040625 0.166015625
1 0.3625 0.43359375 0.04375 0.171875
1 0.3125 0.44140625 0.0484375 0.158203125
1 0.7265625 0.44921875 0.0265625 0.087890625
1 0.740625 0.478515625 0.06875 0.24609375
2 0.759375 0.61328125 0.03125 0.13671875
1 0.5828125 0.42578125 0.01875 0.041015625
