3 0.0 0.46484375 0.1875 0.193359375
3 0.1640625 0.486328125 0.0875 0.107421875
3 0.20625 0.4609375 0.0921875 0.09375
3 0.3 0.46484375 0.0359375 0.052734375
3 0.6796875 0.4296875 0.0765625 0.07421875
1 0.5328125 0.423828125 0.0234375 0.046875
1 0.5015625 0.431640625 0.0234375 0.05859375
1 0.334375 0.435546875 0.0234375 0.07421875
3 0.671875 0.404296875 0.115625 0.08203125
3 0.7703125 0.4296875 0.1296875 0.09375
3 0.8828125 0.478515625 0.115625 0.171875
3 0.9171875 0.41796875 0.0625 0.08984375
3 0.35 0.443359375 0.0453125 0.05078125
3 0.3875 0.443359375 0.025 0.03515625
3 0.640625 0.431640625 0.03125 0.044921875
1 0.565625 0.431640625 0.0171875 0.04296875
