3 0.2046875 0.453125 0.14375 0.119140625
3 0.4171875 0.44140625 0.0484375 0.05078125
3 0.8625 0.375 0.13125 0.150390625
3 0.90625 0.421875 0.0921875 0.126953125
1 0.8265625 0.400390625 0.05 0.181640625
1 0.778125 0.392578125 0.0484375 0.1953125
1 0.7328125 0.400390625 0.0359375 0.14453125
1 0.6921875 0.416015625 0.034375 0.126953125
1 0.6 0.427734375 0.0265625 0.072265625
1 0.58125 0.435546875 0.025 0.0703125
1 0.0 0.458984375 0.028125 0.09765625
1 0.54375 0.4375 0.0140625 0.046875
3 0.63125 0.435546875 0.0234375 0.03125
1 0.65 0.431640625 0.0203125 0.0390625
1 0.15625 0.458984375 0.01875 0.04296875
1 0.1171875 0.47265625 0.0203125 0.033203125
1 0.3625 0.447265625 0.009375 0.03125
1 0.36875 0.455078125 0.0109375 0.0234375
1 0.375 0.4453125 0.0109375 0.03125
