3 0.9421875 0.48828125 0.0546875 0.275390625
3 0.721875 0.421875 0.2203125 0.271484375
3 0.6890625 0.37109375 0.309375 0.20703125
3 0.6375 0.455078125 0.05 0.1328125
3 0.553125 0.41796875 0.20625 0.1328125
1 0.509375 0.404296875 0.0359375 0.171875
1 0.4890625 0.439453125 0.0203125 0.109375
3 0.46875 0.43359375 0.0234375 0.078125
3 0.2921875 0.375 0.1828125 0.236328125
3 0.165625 0.421875 0.1375 0.09375
3 0.0 0.42578125 0.1484375 0.24609375
3 0.215625 0.447265625 0.0671875 0.07421875
3 0.2296875 0.46875 0.0328125 0.0546875
3 0.16875 0.447265625 0.0828125 0.099609375
3 0.1375 0.453125 0.06875 0.103515625
3 0.0953125 0.4453125 0.1015625 0.130859375
