1 0.8765625 0.404296875 0.121875 0.36328125
3 0.85 0.349609375 0.046875 0.166015625
3 0.7453125 0.416015625 0.05 0.12109375
1 0.7109375 0.39453125 0.0296875 0.125
1 0.56875 0.412109375 0.0328125 0.12109375
1 0.5296875 0.4375 0.028125 0.095703125
1 0.4984375 0.453125 0.025 0.0859375
1 0.4984375 0.427734375 0.015625 0.025390625
3 0.4328125 0.447265625 0.03125 0.03125
3 0.415625 0.439453125 0.0125 0.015625
3 0.3921875 0.4453125 0.0125 0.01953125
3 0.3671875 0.447265625 0.0109375 0.01953125
3 0.3546875 0.44921875 0.0109375 0.01953125
3 0.3375 0.447265625 0.0203125 0.029296875
3 0.3171875 0.44921875 0.021875 0.029296875
3 0.3 0.453125 0.0203125 0.03515625
3 0.265625 0.4375 0.034375 0.05078125
3 0.178125 0.439453125 0.1 0.09375
1 0.778125 0.376953125 0.096875 0.3125
