3 0.925 0.4453125 0.071875 0.162109375
3 0.634375 0.455078125 0.0265625 0.025390625
1 0.58125 0.44140625 0.0125 0.0234375
2 0.578125 0.466796875 0.015625 0.029296875
3 0.4453125 0.4453125 0.0328125 0.03515625
3 0.3984375 0.443359375 0.028125 0.0234375
3 0.3625 0.44921875 0.0265625 0.0390625
3 0.3203125 0.44921875 0.034375 0.037109375
3 0.2375 0.447265625 0.0484375 0.025390625
3 0.209375 0.44921875 0.0265625 0.025390625
3 0.1765625 0.44921875 0.0234375 0.0234375
3 0.065625 0.458984375 0.0421875 0.052734375
3 0.0234375 0.46875 0.040625 0.037109375
3 0.003125 0.466796875 0.0203125 0.04296875
3 0.1296875 0.439453125 0.0375 0.0703125
