3 0.515625 0.416015625 0.09375 0.09375
3 0.4859375 0.427734375 0.040625 0.060546875
3 0.325 0.443359375 0.053125 0.046875
3 0.1390625 0.4453125 0.0875 0.076171875
3 0.209375 0.443359375 0.046875 0.068359375
3 0.24375 0.44140625 0.0375 0.05859375
3 0.2796875 0.4453125 0.0140625 0.044921875
2 0.725 0.50390625 0.159375 0.087890625
3 0.3015625 0.4453125 0.034375 0.037109375
1 0.7578125 0.390625 0.0890625 0.1171875
3 0.471875 0.4453125 0.01875 0.029296875
3 0.45 0.443359375 0.015625 0.025390625
3 0.1078125 0.435546875 0.025 0.041015625
3 0.071875 0.447265625 0.0296875 0.033203125
3 0.003125 0.431640625 0.03125 0.046875
2 0.0 0.478515625 0.040625 0.04296875
