3 0.021875 0.4296875 0.184375 0.158203125
3 0.1875 0.44921875 0.084375 0.09765625
3 0.25 0.455078125 0.0609375 0.08203125
3 0.30625 0.427734375 0.1125 0.1171875
3 0.4875 0.4453125 0.0453125 0.041015625
3 0.540625 0.443359375 0.040625 0.044921875
3 0.603125 0.453125 0.1609375 0.162109375
3 0.7375 0.453125 0.0546875 0.08984375
1 0.875 0.439453125 0.0828125 0.2421875
1 0.165625 0.416015625 0.028125 0.037109375
3 0.4203125 0.447265625 0.025 0.03125
3 0.4328125 0.44140625 0.025 0.029296875
1 0.4546875 0.44140625 0.0125 0.03125
3 0.5921875 0.447265625 0.0515625 0.05859375
3 0.2828125 0.4375 0.05 0.041015625
