2 0.921875 0.466796875 0.0765625 0.203125
2 0.55 0.421875 0.025 0.130859375
2 0.4671875 0.431640625 0.021875 0.130859375
1 0.66875 0.349609375 0.028125 0.13671875
3 0.3921875 0.40625 0.03125 0.025390625
2 0.1265625 0.40234375 0.0359375 0.072265625
1 0.6453125 0.38671875 0.01875 0.0390625
1 0.896875 0.275390625 0.0984375 0.31640625
1 0.5359375 0.3046875 0.0640625 0.228515625
1 0.446875 0.318359375 0.059375 0.208984375
2 0.6046875 0.408203125 0.0171875 0.056640625
3 0.378125 0.404296875 0.021875 0.029296875
2 0.178125 0.41796875 0.01875 0.044921875
2 0.1171875 0.416015625 0.0265625 0.044921875
