3 0.7703125 0.443359375 0.228125 0.2265625
3 0.525 0.439453125 0.053125 0.05859375
3 0.5078125 0.44140625 0.0265625 0.046875
3 0.453125 0.453125 0.025 0.02734375
3 0.384375 0.447265625 0.0234375 0.02734375
3 0.3734375 0.44921875 0.025 0.029296875
3 0.3640625 0.453125 0.01875 0.029296875
3 0.34375 0.44921875 0.0234375 0.033203125
3 0.321875 0.45703125 0.03125 0.03515625
3 0.2640625 0.435546875 0.059375 0.064453125
3 0.2265625 0.455078125 0.0609375 0.052734375
3 0.0 0.40234375 0.084375 0.169921875
