2 0.6265625 0.5 0.0671875 0.21875
2 0.496875 0.509765625 0.0453125 0.197265625
2 0.3875 0.474609375 0.0203125 0.068359375
2 0.8515625 0.525390625 0.0890625 0.12890625
2 0.7078125 0.462890625 0.0359375 0.091796875
2 0.809375 0.462890625 0.04375 0.07421875
2 0.5515625 0.48046875 0.0484375 0.041015625
1 0.3 0.44140625 0.0171875 0.01953125
2 0.975 0.525390625 0.0234375 0.138671875
2 0.9375 0.4765625 0.0375 0.201171875
1 0.6203125 0.302734375 0.08125 0.3125
1 0.5578125 0.431640625 0.0421875 0.0546875
1 0.4796875 0.349609375 0.0734375 0.287109375
1 0.378125 0.4140625 0.0328125 0.064453125
2 0.8015625 0.4765625 0.040625 0.087890625
2 0.7796875 0.48046875 0.028125 0.076171875
2 0.7421875 0.484375 0.0234375 0.07421875
1 0.784375 0.427734375 0.0109375 0.03515625
