3 0.76875 0.30859375 0.2296875 0.310546875
3 0.6875 0.390625 0.109375 0.15234375
3 0.64375 0.41796875 0.0734375 0.099609375
3 0.6140625 0.423828125 0.053125 0.078125
3 0.5921875 0.431640625 0.0328125 0.060546875
3 0.5671875 0.431640625 0.034375 0.05078125
3 0.4984375 0.4296875 0.01875 0.01953125
3 0.4015625 0.431640625 0.015625 0.017578125
3 0.365625 0.423828125 0.028125 0.037109375
3 0.334375 0.431640625 0.03125 0.0390625
3 0.2984375 0.431640625 0.046875 0.044921875
3 0.225 0.427734375 0.084375 0.072265625
3 0.0 0.37890625 0.1859375 0.447265625
