3 0.0 0.458984375 0.134375 0.220703125
3 0.0890625 0.458984375 0.146875 0.146484375
3 0.225 0.458984375 0.1078125 0.08984375
3 0.321875 0.458984375 0.0765625 0.0625
1 0.41875 0.4375 0.025 0.0625
3 0.6328125 0.462890625 0.084375 0.109375
3 0.6671875 0.470703125 0.075 0.126953125
3 0.696875 0.4375 0.25625 0.24609375
3 0.8125 0.50390625 0.184375 0.44140625
3 0.475 0.439453125 0.0234375 0.025390625
3 0.4578125 0.443359375 0.0203125 0.03125
3 0.6171875 0.443359375 0.0796875 0.1015625
3 0.590625 0.4609375 0.03125 0.0625
3 0.5734375 0.455078125 0.0328125 0.05078125
3 0.565625 0.439453125 0.05 0.056640625
3 0.559375 0.455078125 0.01875 0.033203125
3 0.3578125 0.443359375 0.053125 0.056640625
