1 0.5265625 0.439453125 0.01875 0.05078125
1 0.5171875 0.439453125 0.01875 0.0546875
1 0.425 0.44140625 0.01875 0.04296875
3 0.6984375 0.447265625 0.2984375 0.3125
3 0.903125 0.642578125 0.09375 0.291015625
3 0.36875 0.44921875 0.0484375 0.044921875
3 0.2578125 0.447265625 0.0515625 0.04296875
3 0.0 0.478515625 0.065625 0.166015625
3 0.5515625 0.439453125 0.0578125 0.0625
3 0.3125 0.453125 0.065625 0.05859375
3 0.171875 0.43359375 0.0515625 0.0625
3 0.09375 0.42578125 0.090625 0.08203125
3 0.00625 0.439453125 0.14375 0.078125
3 0.440625 0.4375 0.0234375 0.033203125
