3 0.6390625 0.40234375 0.1421875 0.103515625
1 0.8484375 0.408203125 0.021875 0.107421875
3 0.4484375 0.40625 0.0609375 0.02734375
3 0.4046875 0.423828125 0.1078125 0.076171875
3 0.3078125 0.40625 0.0828125 0.05859375
3 0.225 0.408203125 0.0546875 0.068359375
3 0.1265625 0.4140625 0.0609375 0.05859375
1 0.184375 0.37890625 0.0328125 0.193359375
3 0.0015625 0.392578125 0.0796875 0.1015625
3 0.0765625 0.41796875 0.059375 0.072265625
3 0.2171875 0.40625 0.096875 0.06640625
3 0.5140625 0.41015625 0.065625 0.056640625
