3 0.5296875 0.369140625 0.0578125 0.060546875
3 0.515625 0.373046875 0.01875 0.052734375
3 0.4984375 0.369140625 0.0203125 0.04296875
3 0.4140625 0.375 0.059375 0.052734375
3 0.371875 0.36328125 0.0171875 0.021484375
3 0.3453125 0.3671875 0.0234375 0.029296875
3 0.3203125 0.361328125 0.021875 0.0390625
3 0.303125 0.37109375 0.01875 0.0390625
3 0.25 0.36328125 0.053125 0.05078125
3 0.25625 0.37890625 0.03125 0.044921875
3 0.21875 0.3671875 0.0421875 0.0703125
3 0.16875 0.365234375 0.0609375 0.087890625
3 0.065625 0.36328125 0.11875 0.109375
3 0.0 0.34765625 0.046875 0.166015625
3 0.390625 0.361328125 0.0171875 0.01953125
3 0.4203125 0.36328125 0.01875 0.013671875
