1 0.4265625 0.44140625 0.05625 0.169921875
1 0.3484375 0.44140625 0.021875 0.08203125
1 0.571875 0.44921875 0.0703125 0.1875
3 0.0015625 0.533203125 0.0765625 0.212890625
3 0.0390625 0.498046875 0.1578125 0.1640625
3 0.1625 0.478515625 0.109375 0.11328125
3 0.2234375 0.4375 0.1078125 0.1171875
3 0.5390625 0.44140625 0.0421875 0.041015625
3 0.6265625 0.4453125 0.11875 0.166015625
3 0.6671875 0.466796875 0.3234375 0.2734375
3 0.8921875 0.626953125 0.103125 0.28125
3 0.371875 0.439453125 0.03125 0.044921875
1 0.415625 0.42578125 0.0234375 0.0546875
3 0.4484375 0.42578125 0.028125 0.03125
2 0.434375 0.52734375 0.028125 0.1015625
3 0.659375 0.41796875 0.0796875 0.04296875
3 0.6828125 0.4296875 0.05625 0.037109375
3 0.309375 0.443359375 0.0359375 0.076171875
3 0.521875 0.427734375 0.03125 0.041015625
3 0.1328125 0.44140625 0.0609375 0.044921875
