3 0.840625 0.443359375 0.1578125 0.267578125
3 0.715625 0.4453125 0.2171875 0.18359375
3 0.615625 0.4296875 0.153125 0.1484375
3 0.58125 0.43359375 0.078125 0.109375
3 0.54375 0.451171875 0.0578125 0.068359375
3 0.5203125 0.4453125 0.05625 0.05859375
3 0.503125 0.4375 0.04375 0.0625
3 0.0 0.443359375 0.06875 0.154296875
3 0.04375 0.451171875 0.1078125 0.11328125
3 0.146875 0.455078125 0.0953125 0.078125
3 0.2421875 0.458984375 0.025 0.05078125
3 0.4625 0.447265625 0.0328125 0.029296875
3 0.265625 0.458984375 0.015625 0.046875
3 0.45 0.44921875 0.0203125 0.0234375
3 0.3703125 0.44921875 0.0125 0.025390625
3 0.4328125 0.453125 0.0140625 0.017578125
3 0.384375 0.44921875 0.01875 0.025390625
1 0.35 0.44140625 0.0078125 0.03515625
3 0.33125 0.44140625 0.01875 0.0390625
3 0.490625 0.455078125 0.015625 0.037109375
1 0.1578125 0.4375 0.0109375 0.03515625
3 0.7703125 0.423828125 0.109375 0.0234375
3 0.1875 0.4375 0.053125 0.01953125
