1 0.8984375 0.396484375 0.0296875 0.078125
1 0.8234375 0.39453125 0.01875 0.07421875
1 0.8140625 0.400390625 0.0203125 0.068359375
1 0.7921875 0.3984375 0.01875 0.0703125
1 0.7796875 0.3828125 0.01875 0.03515625
1 0.7640625 0.390625 0.0203125 0.052734375
1 0.74375 0.39453125 0.021875 0.0546875
1 0.7171875 0.39453125 0.0125 0.05078125
1 0.70625 0.396484375 0.0125 0.048828125
1 0.6484375 0.404296875 0.0203125 0.06640625
1 0.6328125 0.40234375 0.0203125 0.05859375
1 0.6203125 0.404296875 0.0125 0.052734375
3 0.5171875 0.427734375 0.0953125 0.087890625
3 0.4765625 0.421875 0.046875 0.05859375
3 0.4578125 0.4140625 0.025 0.033203125
3 0.375 0.40625 0.0875 0.1015625
3 0.3546875 0.41796875 0.025 0.041015625
3 0.3296875 0.421875 0.0265625 0.04296875
3 0.3046875 0.421875 0.0265625 0.05078125
3 0.290625 0.42578125 0.0203125 0.046875
3 0.246875 0.412109375 0.0453125 0.0703125
3 0.0921875 0.423828125 0.171875 0.13671875
1 0.5625 0.3984375 0.0125 0.02734375
