3 0.3421875 0.44140625 0.1015625 0.09375
3 0.6546875 0.37890625 0.1375 0.099609375
3 0.68125 0.390625 0.2328125 0.119140625
3 0.90625 0.37890625 0.0671875 0.083984375
1 0.9390625 0.365234375 0.0578125 0.3203125
1 0.5828125 0.396484375 0.0296875 0.130859375
1 0.54375 0.40234375 0.0453125 0.15234375
1 0.4921875 0.408203125 0.053125 0.158203125
1 0.465625 0.421875 0.0265625 0.0625
1 0.046875 0.46875 0.0203125 0.02734375
1 0.184375 0.44140625 0.0203125 0.037109375
1 0.24375 0.44140625 0.0140625 0.029296875
3 0.2734375 0.439453125 0.03125 0.025390625
1 0.153125 0.443359375 0.015625 0.02734375
