1 0.459375 0.4375 0.04375 0.1328125
1 0.5640625 0.44921875 0.0453125 0.13671875
3 0.071875 0.478515625 0.190625 0.185546875
3 0.221875 0.46875 0.109375 0.12109375
3 0.2765625 0.4609375 0.071875 0.08984375
3 0.6265625 0.46875 0.0875 0.09765625
3 0.6703125 0.498046875 0.1578125 0.126953125
3 0.7625 0.52734375 0.2359375 0.19140625
3 0.8203125 0.447265625 0.0515625 0.056640625
3 0.8578125 0.447265625 0.0796875 0.0625
3 0.5484375 0.443359375 0.04375 0.041015625
3 0.484375 0.435546875 0.0296875 0.03515625
3 0.3953125 0.439453125 0.0203125 0.03125
3 0.5375 0.435546875 0.0296875 0.041015625
1 0.3625 0.42578125 0.01875 0.052734375
1 0.3484375 0.423828125 0.01875 0.05078125
1 0.334375 0.42578125 0.01875 0.033203125
3 0.33125 0.453125 0.04375 0.068359375
3 0.0 0.47265625 0.09375 0.3828125
3 0.9578125 0.470703125 0.040625 0.0703125
2 0.46875 0.509765625 0.0265625 0.076171875
1 0.4078125 0.4375 0.021875 0.04296875
