3 0.91875 0.384765625 0.078125 0.2734375
3 0.7921875 0.431640625 0.1625 0.1796875
3 0.7234375 0.439453125 0.15 0.13671875
3 0.6078125 0.42578125 0.0796875 0.134765625
3 0.53125 0.447265625 0.040625 0.083984375
3 0.4421875 0.390625 0.203125 0.138671875
1 0.665625 0.408203125 0.0484375 0.09765625
1 0.5625 0.41015625 0.0515625 0.09375
3 0.003125 0.359375 0.1515625 0.08984375
3 0.053125 0.439453125 0.103125 0.091796875
3 0.0015625 0.435546875 0.1375 0.115234375
3 0.0015625 0.46875 0.08125 0.130859375
3 0.39375 0.4453125 0.0671875 0.056640625
3 0.33125 0.443359375 0.0578125 0.052734375
3 0.3578125 0.458984375 0.034375 0.041015625
3 0.3046875 0.453125 0.03125 0.037109375
