3 0.0015625 0.4609375 0.13125 0.208984375
3 0.096875 0.462890625 0.140625 0.1484375
3 0.190625 0.43359375 0.1171875 0.1328125
3 0.296875 0.4453125 0.05 0.099609375
3 0.3390625 0.447265625 0.0609375 0.0703125
3 0.396875 0.4453125 0.0546875 0.04296875
3 0.4453125 0.4375 0.040625 0.0390625
3 0.51875 0.443359375 0.0265625 0.025390625
3 0.59375 0.455078125 0.0625 0.060546875
3 0.6515625 0.462890625 0.1296875 0.154296875
3 0.6953125 0.4765625 0.2703125 0.240234375
1 0.540625 0.443359375 0.01875 0.052734375
1 0.5546875 0.4375 0.0203125 0.0625
1 0.484375 0.439453125 0.0125 0.0390625
1 0.5 0.4375 0.0140625 0.0390625
3 0.584375 0.443359375 0.040625 0.052734375
