2 0.9546875 0.4765625 0.04375 0.171875
2 0.7515625 0.466796875 0.0296875 0.087890625
2 0.6328125 0.470703125 0.0328125 0.07421875
3 0.1796875 0.447265625 0.0796875 0.06640625
3 0.2625 0.453125 0.046875 0.046875
2 0.35 0.466796875 0.009375 0.025390625
1 0.1 0.431640625 0.01875 0.080078125
2 0.9296875 0.4765625 0.0265625 0.177734375
2 0.8265625 0.46484375 0.1078125 0.189453125
2 0.796875 0.462890625 0.040625 0.103515625
2 0.6953125 0.494140625 0.0484375 0.07421875
1 0.709375 0.458984375 0.0109375 0.03515625
1 0.625 0.447265625 0.0171875 0.087890625
3 0.30625 0.453125 0.028125 0.041015625
1 0.3484375 0.443359375 0.009375 0.0234375
3 0.334375 0.447265625 0.0171875 0.03125
2 0.5921875 0.4609375 0.021875 0.056640625
2 0.5578125 0.453125 0.028125 0.06640625
1 0.140625 0.447265625 0.015625 0.06640625
2 0.1203125 0.47265625 0.0203125 0.05078125
2 0.0 0.484375 0.021875 0.064453125
