2 0.121875 0.47265625 0.0296875 0.083984375
3 0.6828125 0.40234375 0.278125 0.23046875
3 0.6171875 0.39453125 0.1484375 0.173828125
3 0.5921875 0.43359375 0.05 0.10546875
3 0.5578125 0.443359375 0.05625 0.08203125
3 0.0 0.42578125 0.0625 0.1015625
3 0.4828125 0.431640625 0.0453125 0.052734375
3 0.46875 0.439453125 0.01875 0.0390625
3 0.4546875 0.443359375 0.0203125 0.02734375
3 0.44375 0.4453125 0.015625 0.021484375
3 0.4328125 0.447265625 0.0125 0.01953125
3 0.390625 0.447265625 0.015625 0.017578125
3 0.371875 0.447265625 0.021875 0.0234375
3 0.353125 0.447265625 0.0203125 0.029296875
3 0.334375 0.44140625 0.01875 0.037109375
3 0.29375 0.44140625 0.0453125 0.041015625
1 0.125 0.41015625 0.0359375 0.068359375
