3 0.0046875 0.3671875 0.275 0.251953125
3 0.2703125 0.39453125 0.0453125 0.08984375
3 0.3140625 0.4140625 0.0484375 0.0546875
3 0.534375 0.41015625 0.04375 0.04296875
3 0.484375 0.408203125 0.040625 0.041015625
1 0.6078125 0.40625 0.0234375 0.052734375
3 0.596875 0.41015625 0.0984375 0.15625
3 0.61875 0.41015625 0.290625 0.263671875
3 0.353125 0.412109375 0.03125 0.046875
3 0.3765625 0.4140625 0.03125 0.037109375
3 0.4046875 0.412109375 0.028125 0.03125
1 0.440625 0.40625 0.0140625 0.037109375
3 0.4234375 0.40625 0.021875 0.03515625
3 0.5703125 0.41015625 0.0359375 0.060546875
