2 0.9015625 0.494140625 0.075 0.0859375
2 0.86875 0.49609375 0.0578125 0.078125
2 0.31875 0.474609375 0.0359375 0.076171875
1 0.6 0.474609375 0.0484375 0.1640625
1 0.35 0.43359375 0.025 0.08203125
1 0.3234375 0.4296875 0.0234375 0.068359375
3 0.1578125 0.455078125 0.1125 0.072265625
3 0.071875 0.447265625 0.096875 0.064453125
3 0.015625 0.4375 0.06875 0.060546875
1 0.8671875 0.43359375 0.021875 0.052734375
1 0.878125 0.44921875 0.021875 0.0390625
1 0.2140625 0.423828125 0.0265625 0.037109375
2 0.3 0.509765625 0.0203125 0.044921875
2 0.2796875 0.505859375 0.0203125 0.04296875
