1 0.7890625 0.466796875 0.0296875 0.107421875
1 0.7375 0.47265625 0.0296875 0.1015625
1 0.69375 0.4921875 0.034375 0.08203125
3 0.4734375 0.525390625 0.0296875 0.033203125
3 0.465625 0.509765625 0.0234375 0.02734375
3 0.453125 0.5078125 0.021875 0.025390625
3 0.4515625 0.4921875 0.021875 0.0234375
3 0.3875 0.490234375 0.0234375 0.0234375
3 0.3765625 0.498046875 0.021875 0.02734375
3 0.3671875 0.505859375 0.021875 0.033203125
3 0.303125 0.5234375 0.065625 0.060546875
1 0.515625 0.505859375 0.0125 0.0234375
1 0.2171875 0.53515625 0.0171875 0.03125
