1 0.84375 0.443359375 0.0484375 0.1171875
1 0.7953125 0.37890625 0.203125 0.5390625
1 0.703125 0.4296875 0.025 0.078125
1 0.6671875 0.427734375 0.034375 0.119140625
1 0.634375 0.431640625 0.0375 0.125
1 0.609375 0.427734375 0.0234375 0.072265625
3 0.54375 0.44921875 0.0671875 0.0625
3 0.5296875 0.447265625 0.0328125 0.044921875
3 0.3234375 0.435546875 0.0984375 0.0625
1 0.9703125 0.427734375 0.028125 0.037109375
1 0.4328125 0.431640625 0.01875 0.037109375
1 0.4453125 0.4296875 0.01875 0.0390625
3 0.50625 0.4375 0.025 0.02734375
3 0.4578125 0.4296875 0.028125 0.02734375
1 0.0515625 0.423828125 0.0203125 0.02734375
1 0.06875 0.421875 0.021875 0.03125
1 0.0890625 0.42578125 0.0203125 0.03515625
