3 0.4484375 0.4453125 0.040625 0.041015625
3 0.3046875 0.4453125 0.0578125 0.05859375
3 0.34375 0.4453125 0.0390625 0.041015625
1 0.65625 0.447265625 0.04375 0.134765625
1 0.53125 0.4375 0.01875 0.04296875
2 0.6734375 0.521484375 0.01875 0.07421875
3 0.371875 0.447265625 0.028125 0.0390625
3 0.3984375 0.44921875 0.01875 0.03515625
3 0.409375 0.447265625 0.0203125 0.03515625
1 0.5546875 0.443359375 0.0140625 0.0390625
1 0.5828125 0.447265625 0.0140625 0.03515625
3 0.5 0.45703125 0.0203125 0.01953125
