3 0.0546875 0.453125 0.2 0.15234375
3 0.215625 0.4375 0.10625 0.1171875
3 0.74375 0.43359375 0.2546875 0.36328125
3 0.6765625 0.470703125 0.1390625 0.166015625
3 0.6421875 0.458984375 0.0953125 0.134765625
1 0.315625 0.427734375 0.0328125 0.107421875
1 0.54375 0.439453125 0.01875 0.046875
3 0.3390625 0.439453125 0.0359375 0.072265625
3 0.3671875 0.435546875 0.03125 0.06640625
3 0.3875 0.443359375 0.03125 0.05078125
3 0.4078125 0.443359375 0.03125 0.04296875
3 0.4328125 0.443359375 0.0203125 0.03515625
3 0.4625 0.44140625 0.021875 0.025390625
3 0.609375 0.462890625 0.0546875 0.0859375
3 0.584375 0.45703125 0.053125 0.078125
3 0.575 0.435546875 0.075 0.076171875
3 0.0 0.43359375 0.06875 0.083984375
3 0.0734375 0.421875 0.125 0.052734375
