3 0.39375 0.498046875 0.0875 0.087890625
3 0.415625 0.46484375 0.046875 0.03515625
3 0.459375 0.484375 0.0515625 0.068359375
1 0.6890625 0.48828125 0.0375 0.07421875
1 0.04375 0.474609375 0.03125 0.0859375
1 0.015625 0.462890625 0.0359375 0.1015625
1 0.0015625 0.458984375 0.0203125 0.115234375
1 0.540625 0.45703125 0.0140625 0.03125
1 0.35 0.4609375 0.0203125 0.02734375
1 0.33125 0.4609375 0.01875 0.02734375
1 0.325 0.462890625 0.0140625 0.025390625
2 0.6875 0.537109375 0.0359375 0.056640625
3 0.6015625 0.45703125 0.0234375 0.02734375
1 0.9796875 0.4609375 0.01875 0.08203125
