2 0.9015625 0.537109375 0.0578125 0.095703125
2 0.7578125 0.5078125 0.04375 0.0703125
2 0.690625 0.498046875 0.0265625 0.06640625
2 0.640625 0.48828125 0.03125 0.052734375
2 0.6015625 0.478515625 0.0234375 0.05078125
2 0.56875 0.478515625 0.0234375 0.041015625
1 0.903125 0.41796875 0.0625 0.181640625
1 0.75625 0.4453125 0.0421875 0.119140625
1 0.684375 0.45703125 0.03125 0.08203125
1 0.6375 0.453125 0.03125 0.076171875
1 0.6015625 0.45703125 0.021875 0.0625
1 0.5703125 0.4453125 0.0265625 0.0625
3 0.9546875 0.453125 0.0359375 0.10546875
3 0.878125 0.443359375 0.04375 0.08984375
3 0.0328125 0.412109375 0.06875 0.046875
