1 0.0578125 0.3984375 0.028125 0.083984375
1 0.09375 0.400390625 0.028125 0.08203125
1 0.7578125 0.40625 0.034375 0.083984375
1 0.796875 0.392578125 0.03125 0.05859375
1 0.8015625 0.41015625 0.03125 0.08203125
1 0.8375 0.404296875 0.0328125 0.091796875
3 0.134375 0.39453125 0.075 0.0859375
3 0.265625 0.400390625 0.0453125 0.044921875
3 0.40625 0.421875 0.065625 0.0546875
3 0.165625 0.421875 0.109375 0.10546875
3 0.5484375 0.42578125 0.065625 0.08203125
1 0.640625 0.39453125 0.025 0.037109375
1 0.5921875 0.392578125 0.0203125 0.041015625
3 0.20625 0.39453125 0.0375 0.03125
3 0.39375 0.404296875 0.0375 0.046875
3 0.3765625 0.412109375 0.0265625 0.029296875
3 0.615625 0.427734375 0.078125 0.0390625
