1 0.4921875 0.431640625 0.0265625 0.083984375
1 0.546875 0.43359375 0.025 0.087890625
3 0.8140625 0.470703125 0.184375 0.40234375
3 0.728125 0.515625 0.15 0.15625
3 0.7015625 0.474609375 0.121875 0.134765625
3 0.61875 0.44921875 0.0625 0.111328125
3 0.3453125 0.439453125 0.0828125 0.095703125
3 0.3265625 0.46484375 0.059375 0.091796875
3 0.228125 0.47265625 0.1203125 0.11328125
3 0.0 0.51171875 0.2296875 0.216796875
1 0.603125 0.466796875 0.0421875 0.09765625
3 0.6296875 0.474609375 0.084375 0.09765625
3 0.4125 0.447265625 0.028125 0.052734375
3 0.4296875 0.44921875 0.028125 0.04296875
3 0.446875 0.4453125 0.0203125 0.041015625
3 0.4671875 0.435546875 0.03125 0.029296875
2 0.49375 0.47265625 0.01875 0.046875
