1 0.4171875 0.44140625 0.028125 0.0703125
1 0.4578125 0.435546875 0.01875 0.046875
1 0.56875 0.423828125 0.0203125 0.060546875
1 0.6328125 0.41796875 0.0265625 0.091796875
1 0.6140625 0.408203125 0.025 0.103515625
1 0.73125 0.392578125 0.0484375 0.16796875
3 0.778125 0.421875 0.0625 0.08203125
3 0.821875 0.447265625 0.025 0.0625
3 0.8546875 0.380859375 0.140625 0.134765625
3 0.9 0.431640625 0.0984375 0.115234375
1 0.5390625 0.4375 0.01875 0.041015625
1 0.159375 0.45703125 0.01875 0.04296875
1 0.11875 0.470703125 0.01875 0.03515625
