1 0.753125 0.421875 0.021875 0.03515625
1 0.7296875 0.41796875 0.01875 0.033203125
1 0.640625 0.447265625 0.01875 0.03125
3 0.7640625 0.333984375 0.234375 0.447265625
3 0.6515625 0.44921875 0.159375 0.130859375
3 0.50625 0.4140625 0.0859375 0.10546875
3 0.4578125 0.431640625 0.0953125 0.111328125
3 0.3953125 0.45703125 0.0296875 0.03125
3 0.3546875 0.455078125 0.04375 0.0234375
3 0.19375 0.443359375 0.1125 0.09765625
3 0.1125 0.4453125 0.0875 0.119140625
3 0.0 0.39453125 0.1078125 0.19140625
3 0.3140625 0.4609375 0.034375 0.029296875
