3 0.0 0.51953125 0.1171875 0.248046875
3 0.065625 0.470703125 0.1734375 0.197265625
3 0.246875 0.462890625 0.115625 0.10546875
3 0.359375 0.44921875 0.053125 0.0625
3 0.440625 0.44140625 0.065625 0.060546875
3 0.4921875 0.44140625 0.0359375 0.02734375
3 0.6296875 0.466796875 0.1078125 0.099609375
3 0.825 0.5703125 0.1734375 0.33984375
3 0.5796875 0.4453125 0.0515625 0.052734375
3 0.884375 0.45703125 0.0984375 0.078125
3 0.0 0.439453125 0.1015625 0.091796875
3 0.090625 0.4453125 0.0703125 0.041015625
3 0.1015625 0.427734375 0.11875 0.05859375
3 0.6125 0.455078125 0.0828125 0.08203125
