3 0.4796875 0.427734375 0.0140625 0.0234375
1 0.453125 0.416015625 0.0109375 0.041015625
1 0.446875 0.4140625 0.00625 0.04296875
1 0.4375 0.416015625 0.0109375 0.041015625
1 0.40625 0.416015625 0.0125 0.0390625
1 0.33125 0.416015625 0.0109375 0.037109375
1 0.225 0.4140625 0.0109375 0.04296875
1 0.2078125 0.408203125 0.0171875 0.04296875
1 0.196875 0.408203125 0.0125 0.041015625
1 0.184375 0.408203125 0.015625 0.03125
1 0.1390625 0.41015625 0.01875 0.03515625
1 0.121875 0.400390625 0.01875 0.076171875
1 0.09375 0.400390625 0.0171875 0.07421875
1 0.071875 0.408203125 0.021875 0.0703125
