1 0.7375 0.3984375 0.090625 0.205078125
3 0.5375 0.46484375 0.078125 0.076171875
3 0.5203125 0.46875 0.028125 0.060546875
3 0.4921875 0.466796875 0.0296875 0.052734375
3 0.434375 0.478515625 0.0265625 0.02734375
3 0.396875 0.4765625 0.034375 0.033203125
3 0.36875 0.474609375 0.0265625 0.033203125
3 0.34375 0.4765625 0.0234375 0.033203125
3 0.309375 0.47265625 0.03125 0.0390625
3 0.278125 0.47265625 0.03125 0.04296875
3 0.2453125 0.474609375 0.03125 0.04296875
3 0.2203125 0.46875 0.025 0.05078125
3 0.19375 0.466796875 0.0328125 0.052734375
3 0.1546875 0.46875 0.0484375 0.0546875
3 0.0796875 0.4453125 0.075 0.08203125
3 0.0 0.44140625 0.1296875 0.19921875
