3 0.0015625 0.443359375 0.1125 0.1328125
3 0.0875 0.45703125 0.1 0.087890625
1 0.6171875 0.443359375 0.0453125 0.109375
2 0.634375 0.494140625 0.01875 0.07421875
1 0.48125 0.43359375 0.025 0.052734375
2 0.475 0.462890625 0.046875 0.03125
1 0.525 0.43359375 0.0109375 0.04296875
1 0.5453125 0.439453125 0.0140625 0.037109375
3 0.36875 0.443359375 0.034375 0.03125
3 0.3875 0.4375 0.0296875 0.037109375
3 0.45 0.447265625 0.0234375 0.021484375
3 0.4140625 0.44140625 0.021875 0.033203125
3 0.428125 0.443359375 0.01875 0.02734375
