1 0.1828125 0.453125 0.0359375 0.078125
1 0.1640625 0.466796875 0.028125 0.064453125
3 0.825 0.435546875 0.0234375 0.06640625
3 0.775 0.41796875 0.0671875 0.083984375
3 0.853125 0.37890625 0.1453125 0.13671875
3 0.9078125 0.427734375 0.0875 0.119140625
1 0.59375 0.41796875 0.0234375 0.08984375
1 0.6140625 0.41796875 0.0265625 0.08984375
1 0.6703125 0.408203125 0.0421875 0.119140625
1 0.1171875 0.470703125 0.021875 0.033203125
1 0.353125 0.4453125 0.0125 0.0234375
1 0.3703125 0.44921875 0.0125 0.025390625
3 0.7078125 0.4375 0.0421875 0.05078125
