1 0.6390625 0.43359375 0.0515625 0.126953125
1 0.6078125 0.427734375 0.0328125 0.09375
3 0.91875 0.427734375 0.0765625 0.12109375
3 0.8390625 0.443359375 0.059375 0.08203125
3 0.78125 0.41015625 0.115625 0.107421875
3 0.684375 0.431640625 0.0625 0.064453125
3 0.4328125 0.431640625 0.0765625 0.0625
3 0.525 0.435546875 0.0328125 0.04296875
3 0.125 0.3984375 0.11875 0.107421875
3 0.2515625 0.4296875 0.0265625 0.06640625
3 0.553125 0.4375 0.0421875 0.037109375
3 0.503125 0.435546875 0.03125 0.046875
3 0.0046875 0.380859375 0.121875 0.06640625
