3 0.6875 0.466796875 0.0734375 0.05078125
3 0.6546875 0.462890625 0.034375 0.03125
1 0.3375 0.4453125 0.0203125 0.091796875
1 0.31875 0.455078125 0.0203125 0.083984375
1 0.08125 0.337890625 0.1296875 0.416015625
1 0.296875 0.43359375 0.0234375 0.041015625
1 0.2390625 0.435546875 0.01875 0.03515625
1 0.2140625 0.435546875 0.0203125 0.033203125
1 0.0 0.361328125 0.1109375 0.48046875
3 0.371875 0.44140625 0.0359375 0.0390625
3 0.3796875 0.431640625 0.4046875 0.173828125
1 0.0 0.328125 0.153125 0.6328125
3 0.171875 0.439453125 0.0796875 0.091796875
1 0.2125 0.431640625 0.0203125 0.037109375
1 0.3828125 0.451171875 0.028125 0.0390625
