1 0.934375 0.361328125 0.0296875 0.16796875
1 0.9046875 0.35546875 0.03125 0.15234375
1 0.8578125 0.35546875 0.0296875 0.134765625
1 0.8390625 0.365234375 0.0234375 0.115234375
1 0.81875 0.34765625 0.0140625 0.041015625
1 0.8125 0.34375 0.0109375 0.02734375
1 0.7953125 0.365234375 0.028125 0.115234375
1 0.76875 0.365234375 0.021875 0.10546875
1 0.7453125 0.400390625 0.0265625 0.11328125
1 0.7296875 0.390625 0.01875 0.087890625
1 0.7453125 0.373046875 0.0125 0.0234375
1 0.73125 0.3671875 0.0171875 0.0234375
1 0.653125 0.353515625 0.0203125 0.05078125
1 0.684375 0.365234375 0.0234375 0.09765625
1 0.6390625 0.3515625 0.01875 0.0546875
1 0.6125 0.36328125 0.01875 0.0546875
1 0.6 0.365234375 0.01875 0.0546875
1 0.5734375 0.361328125 0.0203125 0.03515625
1 0.5890625 0.359375 0.01875 0.0546875
3 0.5078125 0.390625 0.0890625 0.091796875
3 0.4921875 0.369140625 0.0609375 0.064453125
3 0.459375 0.361328125 0.021875 0.033203125
3 0.41875 0.353515625 0.0421875 0.029296875
3 0.4046875 0.380859375 0.0609375 0.05859375
3 0.478125 0.369140625 0.0296875 0.046875
3 0.3890625 0.361328125 0.01875 0.03515625
3 0.375 0.37109375 0.021875 0.0390625
3 0.3625 0.3671875 0.0265625 0.0546875
3 0.33125 0.369140625 0.0453125 0.072265625
3 0.2421875 0.37109375 0.1015625 0.09765625
3 0.2421875 0.392578125 0.015625 0.01953125
3 0.228125 0.384765625 0.0171875 0.076171875
1 0.196875 0.376953125 0.03125 0.099609375
3 0.171875 0.38671875 0.028125 0.0859375
1 0.0578125 0.376953125 0.028125 0.083984375
1 0.0296875 0.37890625 0.0203125 0.083984375
1 0.9625 0.3671875 0.0359375 0.04296875
1 0.9609375 0.408203125 0.0375 0.2109375
