1 0.478125 0.431640625 0.025 0.072265625
1 0.459375 0.431640625 0.021875 0.0703125
1 0.4421875 0.431640625 0.025 0.072265625
1 0.553125 0.45703125 0.0578125 0.201171875
2 0.5703125 0.564453125 0.03125 0.109375
3 0.8828125 0.466796875 0.1125 0.1328125
3 0.8625 0.455078125 0.1296875 0.083984375
3 0.8203125 0.462890625 0.0859375 0.05078125
3 0.6453125 0.462890625 0.06875 0.078125
3 0.5921875 0.466796875 0.0703125 0.109375
3 0.70625 0.5 0.2109375 0.162109375
3 0.3796875 0.4453125 0.06875 0.07421875
3 0.35 0.4609375 0.05 0.087890625
3 0.2875 0.45703125 0.090625 0.12109375
3 0.165625 0.435546875 0.1453125 0.189453125
3 0.053125 0.521484375 0.190625 0.185546875
3 0.0 0.490234375 0.0921875 0.287109375
1 0.6890625 0.4453125 0.01875 0.03125
3 0.728125 0.44140625 0.040625 0.05859375
