3 0.9390625 0.494140625 0.059375 0.1484375
3 0.8296875 0.439453125 0.08125 0.0859375
3 0.7015625 0.44140625 0.0546875 0.0390625
3 0.678125 0.455078125 0.021875 0.0390625
3 0.6578125 0.4375 0.021875 0.0546875
3 0.6140625 0.45703125 0.046875 0.05078125
3 0.590625 0.4375 0.0234375 0.05859375
3 0.5671875 0.455078125 0.025 0.04296875
3 0.5453125 0.45703125 0.0234375 0.04296875
1 0.421875 0.443359375 0.0203125 0.044921875
2 0.421875 0.48828125 0.01875 0.033203125
1 0.3765625 0.443359375 0.0203125 0.064453125
