1 0.8921875 0.4453125 0.0484375 0.130859375
1 0.85 0.505859375 0.0203125 0.03515625
1 0.690625 0.392578125 0.059375 0.171875
2 0.6296875 0.462890625 0.1484375 0.12109375
3 0.5703125 0.41796875 0.053125 0.052734375
3 0.5421875 0.3984375 0.0328125 0.05078125
3 0.525 0.408203125 0.0203125 0.03515625
3 0.50625 0.41015625 0.01875 0.02734375
3 0.446875 0.412109375 0.0234375 0.029296875
3 0.3890625 0.40625 0.040625 0.0390625
1 0.365625 0.3984375 0.021875 0.083984375
1 0.3453125 0.39453125 0.025 0.1015625
3 0.290625 0.41015625 0.0546875 0.091796875
3 0.0 0.447265625 0.075 0.134765625
