3 0.7125 0.44140625 0.2578125 0.20703125
1 0.6578125 0.439453125 0.0296875 0.0859375
2 0.3421875 0.48046875 0.0171875 0.0390625
1 0.321875 0.44140625 0.021875 0.0625
1 0.190625 0.44140625 0.01875 0.06640625
1 0.209375 0.443359375 0.01875 0.0625
2 0.9640625 0.529296875 0.0296875 0.07421875
2 0.0828125 0.478515625 0.0421875 0.08203125
2 0.61875 0.490234375 0.015625 0.044921875
1 0.0671875 0.4296875 0.0171875 0.087890625
1 0.7203125 0.435546875 0.0203125 0.05078125
2 0.56875 0.478515625 0.0375 0.056640625
3 0.39375 0.458984375 0.0171875 0.021484375
1 0.3546875 0.443359375 0.009375 0.02734375
1 0.3453125 0.453125 0.0125 0.03125
1 0.278125 0.4375 0.015625 0.060546875
1 0.2375 0.443359375 0.01875 0.0390625
2 0.2296875 0.48046875 0.0390625 0.037109375
