3 0.8859375 0.4375 0.1109375 0.16796875
3 0.7640625 0.390625 0.23125 0.189453125
3 0.7375 0.40234375 0.1328125 0.1484375
3 0.715625 0.44921875 0.021875 0.0703125
3 0.465625 0.33203125 0.259375 0.341796875
1 0.4375 0.396484375 0.0296875 0.201171875
3 0.3390625 0.392578125 0.109375 0.140625
18 0.334375 0.51171875 0.1 0.08984375
3 0.19375 0.38671875 0.1703125 0.150390625
3 0.0640625 0.361328125 0.278125 0.23046875
3 0.0 0.345703125 0.1203125 0.091796875
3 0.0 0.427734375 0.1125 0.24609375
3 0.35625 0.4296875 0.0359375 0.09765625
