3 0.0 0.48046875 0.071875 0.1640625
3 0.1375 0.4609375 0.15 0.107421875
3 0.271875 0.4375 0.128125 0.091796875
3 0.5703125 0.455078125 0.075 0.072265625
3 0.6046875 0.470703125 0.096875 0.1015625
3 0.6578125 0.46875 0.178125 0.189453125
1 0.48125 0.45703125 0.0171875 0.03515625
1 0.46875 0.453125 0.0140625 0.041015625
3 0.4546875 0.447265625 0.0234375 0.03125
3 0.6671875 0.439453125 0.0484375 0.041015625
3 0.7828125 0.45703125 0.08125 0.064453125
3 0.840625 0.4609375 0.08125 0.0625
1 0.559375 0.453125 0.01875 0.0390625
