3 0.6734375 0.5 0.184375 0.181640625
3 0.6328125 0.46484375 0.1203125 0.12890625
3 0.596875 0.455078125 0.0734375 0.107421875
3 0.4921875 0.4296875 0.0234375 0.025390625
3 0.159375 0.453125 0.1421875 0.05859375
3 0.0 0.435546875 0.0703125 0.119140625
3 0.0546875 0.44921875 0.0484375 0.076171875
3 0.0984375 0.44140625 0.04375 0.056640625
3 0.2375 0.4375 0.0828125 0.052734375
3 0.3015625 0.431640625 0.0421875 0.052734375
3 0.36875 0.4296875 0.0296875 0.0390625
3 0.559375 0.435546875 0.04375 0.060546875
3 0.575 0.447265625 0.0375 0.068359375
1 0.4328125 0.435546875 0.01875 0.0390625
