3 0.0046875 0.515625 0.175 0.16796875
3 0.1453125 0.470703125 0.1328125 0.134765625
3 0.2390625 0.435546875 0.10625 0.130859375
3 0.5890625 0.45703125 0.05625 0.06640625
3 0.61875 0.453125 0.0734375 0.109375
3 0.6296875 0.453125 0.1984375 0.193359375
3 0.84375 0.57421875 0.1546875 0.33203125
3 0.4953125 0.4375 0.04375 0.033203125
1 0.5703125 0.43359375 0.0203125 0.08203125
1 0.5546875 0.4375 0.0234375 0.078125
1 0.540625 0.4375 0.025 0.076171875
3 0.38125 0.439453125 0.040625 0.05859375
3 0.3328125 0.46484375 0.0296875 0.078125
3 0.365625 0.447265625 0.028125 0.05859375
3 0.353125 0.455078125 0.028125 0.064453125
3 0.34375 0.455078125 0.0265625 0.072265625
3 0.0203125 0.439453125 0.071875 0.0390625
3 0.4296875 0.431640625 0.025 0.033203125
