3 0.478125 0.447265625 0.103125 0.11328125
3 0.3984375 0.486328125 0.0234375 0.02734375
3 0.23125 0.455078125 0.084375 0.07421875
1 0.165625 0.470703125 0.015625 0.05078125
1 0.1578125 0.474609375 0.0109375 0.044921875
1 0.140625 0.47265625 0.0140625 0.052734375
1 0.1265625 0.4765625 0.0140625 0.052734375
1 0.1109375 0.46484375 0.0140625 0.06640625
1 0.09375 0.466796875 0.015625 0.0625
1 0.0796875 0.466796875 0.0140625 0.068359375
1 0.0625 0.466796875 0.015625 0.0703125
1 0.05 0.47265625 0.0140625 0.0625
1 0.03125 0.46875 0.0203125 0.07421875
1 0.0078125 0.466796875 0.021875 0.078125
