2 0.796875 0.546875 0.0953125 0.140625
2 0.628125 0.505859375 0.053125 0.083984375
2 0.478125 0.466796875 0.015625 0.041015625
2 0.4421875 0.46484375 0.0171875 0.05078125
2 0.425 0.466796875 0.0078125 0.025390625
2 0.0 0.517578125 0.06875 0.111328125
2 0.159375 0.486328125 0.025 0.06640625
2 0.3296875 0.470703125 0.0109375 0.02734375
1 0.225 0.44140625 0.01875 0.04296875
1 0.1359375 0.43359375 0.0234375 0.083984375
1 0.24375 0.44140625 0.015625 0.0390625
3 0.9 0.453125 0.0984375 0.2265625
3 0.7125 0.44140625 0.0875 0.16015625
3 0.68125 0.439453125 0.0625 0.119140625
3 0.525 0.44921875 0.0578125 0.0546875
1 0.796875 0.39453125 0.10625 0.21484375
1 0.634375 0.408203125 0.0453125 0.1015625
3 0.6125 0.46875 0.021875 0.07421875
3 0.50625 0.458984375 0.0234375 0.03515625
1 0.478125 0.421875 0.021875 0.05078125
1 0.4390625 0.4296875 0.021875 0.03515625
1 0.41875 0.431640625 0.021875 0.037109375
3 0.3953125 0.44921875 0.0234375 0.0234375
1 0.3234375 0.4375 0.01875 0.029296875
1 0.1578125 0.41796875 0.028125 0.068359375
1 0.0015625 0.3984375 0.06875 0.123046875
1 0.2609375 0.447265625 0.0203125 0.03515625
