3 0.3234375 0.4609375 0.0421875 0.0390625
3 0.3484375 0.45703125 0.0796875 0.07421875
3 0.446875 0.447265625 0.0421875 0.04296875
1 0.9140625 0.42578125 0.0578125 0.25390625
1 0.93125 0.46875 0.0671875 0.373046875
1 0.1421875 0.44140625 0.0265625 0.076171875
1 0.1171875 0.439453125 0.0234375 0.08203125
1 0.7296875 0.44921875 0.0203125 0.060546875
1 0.5578125 0.4453125 0.01875 0.046875
1 0.528125 0.44921875 0.015625 0.029296875
1 0.228125 0.4375 0.0203125 0.05859375
1 0.6796875 0.447265625 0.01875 0.05078125
1 0.6921875 0.4453125 0.015625 0.060546875
1 0.709375 0.447265625 0.01875 0.056640625
