3 0.75 0.3828125 0.2484375 0.3359375
2 0.71875 0.5546875 0.03125 0.060546875
1 0.7671875 0.44140625 0.0296875 0.037109375
3 0.584375 0.431640625 0.13125 0.119140625
3 0.5515625 0.443359375 0.034375 0.0859375
3 0.50625 0.458984375 0.028125 0.033203125
3 0.3859375 0.4375 0.134375 0.134765625
3 0.3640625 0.458984375 0.021875 0.03515625
3 0.3453125 0.458984375 0.0234375 0.0390625
3 0.303125 0.4609375 0.0421875 0.04296875
1 0.2578125 0.453125 0.0140625 0.044921875
3 0.134375 0.458984375 0.0828125 0.072265625
3 0.0 0.396484375 0.1375 0.15625
