3 0.0015625 0.509765625 0.1015625 0.125
3 0.0 0.5078125 0.309375 0.291015625
3 0.209375 0.455078125 0.1078125 0.083984375
3 0.2875 0.44140625 0.0671875 0.08203125
3 0.45 0.43359375 0.0265625 0.033203125
3 0.48125 0.42578125 0.0265625 0.03125
3 0.5734375 0.4765625 0.1171875 0.12109375
3 0.6140625 0.4921875 0.1703125 0.1640625
3 0.703125 0.537109375 0.2953125 0.279296875
3 0.875 0.69921875 0.1203125 0.294921875
1 0.825 0.41015625 0.0109375 0.03125
1 0.8375 0.41015625 0.0125 0.03125
1 0.846875 0.408203125 0.0125 0.03515625
1 0.4953125 0.4296875 0.0203125 0.052734375
3 0.3484375 0.439453125 0.0328125 0.056640625
3 0.371875 0.439453125 0.0296875 0.044921875
3 0.4265625 0.4296875 0.0234375 0.029296875
3 0.546875 0.435546875 0.1125 0.119140625
3 0.51875 0.42578125 0.034375 0.052734375
3 0.5390625 0.447265625 0.0328125 0.0546875
