1 0.5890625 0.447265625 0.028125 0.087890625
1 0.63125 0.458984375 0.0203125 0.07421875
1 0.6765625 0.453125 0.01875 0.068359375
1 0.80625 0.45703125 0.028125 0.08203125
1 0.8578125 0.45703125 0.0296875 0.068359375
1 0.721875 0.46484375 0.0296875 0.046875
1 0.2625 0.43359375 0.0265625 0.087890625
1 0.240625 0.43359375 0.025 0.083984375
1 0.34375 0.453125 0.015625 0.048828125
1 0.365625 0.453125 0.0203125 0.0546875
1 0.9265625 0.458984375 0.0265625 0.04296875
3 0.81875 0.4921875 0.178125 0.28515625
3 0.553125 0.462890625 0.04375 0.029296875
1 0.6578125 0.458984375 0.015625 0.046875
1 0.6484375 0.4609375 0.015625 0.041015625
1 0.75625 0.46875 0.025 0.041015625
1 0.95625 0.466796875 0.0234375 0.033203125
1 0.7 0.458984375 0.0203125 0.05859375
