1 0.74375 0.416015625 0.0203125 0.05859375
1 0.8484375 0.453125 0.03125 0.08203125
1 0.853125 0.4765625 0.034375 0.06640625
1 0.8953125 0.453125 0.025 0.060546875
1 0.915625 0.455078125 0.03125 0.060546875
1 0.225 0.44140625 0.0328125 0.078125
2 0.2296875 0.48828125 0.025 0.05078125
2 0.653125 0.494140625 0.13125 0.09375
3 0.60625 0.44140625 0.11875 0.11328125
3 0.58125 0.44921875 0.04375 0.068359375
3 0.5703125 0.443359375 0.0359375 0.052734375
3 0.528125 0.416015625 0.040625 0.044921875
3 0.45 0.42578125 0.046875 0.041015625
3 0.3546875 0.427734375 0.0609375 0.064453125
2 0.8265625 0.525390625 0.05625 0.10546875
