3 0.0 0.271484375 0.159375 0.30859375
3 0.146875 0.361328125 0.090625 0.1015625
3 0.1890625 0.3359375 0.1015625 0.103515625
3 0.2890625 0.36328125 0.0671875 0.060546875
3 0.3578125 0.361328125 0.04375 0.046875
3 0.484375 0.365234375 0.0359375 0.0390625
3 0.53125 0.365234375 0.0375 0.04296875
3 0.5984375 0.3515625 0.128125 0.18359375
1 0.6078125 0.359375 0.0265625 0.0546875
3 0.640625 0.353515625 0.3578125 0.333984375
3 0.3984375 0.3671875 0.025 0.03125
3 0.4171875 0.359375 0.025 0.03515625
1 0.434375 0.35546875 0.01875 0.041015625
3 0.565625 0.365234375 0.0375 0.056640625
3 0.340625 0.36328125 0.0328125 0.05078125
