3 0.8671875 0.439453125 0.13125 0.37109375
3 0.6453125 0.400390625 0.334375 0.275390625
3 0.58125 0.41796875 0.1375 0.16015625
3 0.5328125 0.412109375 0.090625 0.130859375
3 0.465625 0.44140625 0.034375 0.037109375
3 0.4546875 0.427734375 0.040625 0.0390625
3 0.440625 0.427734375 0.01875 0.02734375
3 0.396875 0.423828125 0.01875 0.02734375
3 0.3890625 0.435546875 0.009375 0.015625
3 0.359375 0.431640625 0.0359375 0.04296875
3 0.340625 0.44140625 0.021875 0.02734375
3 0.3 0.421875 0.01875 0.0234375
3 0.2734375 0.4140625 0.028125 0.03515625
3 0.2625 0.421875 0.021875 0.029296875
3 0.215625 0.421875 0.040625 0.029296875
3 0.1984375 0.423828125 0.0203125 0.025390625
3 0.16875 0.44140625 0.046875 0.1015625
3 0.1734375 0.416015625 0.0328125 0.025390625
1 0.121875 0.41015625 0.0421875 0.123046875
2 0.1203125 0.505859375 0.046875 0.064453125
3 0.0171875 0.43359375 0.103125 0.14453125
