3 0.7875 0.48046875 0.1109375 0.150390625
3 0.1921875 0.45703125 0.1703125 0.123046875
3 0.3203125 0.439453125 0.0984375 0.109375
3 0.403125 0.458984375 0.0546875 0.0625
3 0.44375 0.439453125 0.0375 0.0546875
2 0.7421875 0.5390625 0.0453125 0.138671875
2 0.671875 0.525390625 0.0390625 0.109375
1 0.6640625 0.421875 0.0625 0.19921875
1 0.7375 0.43359375 0.059375 0.197265625
3 0.0 0.447265625 0.1296875 0.134765625
3 0.6453125 0.466796875 0.0375 0.060546875
3 0.628125 0.46484375 0.0359375 0.0390625
3 0.5953125 0.455078125 0.021875 0.02734375
3 0.50625 0.453125 0.028125 0.02734375
3 0.484375 0.44921875 0.0203125 0.037109375
