3 0.375 0.4609375 0.1015625 0.095703125
3 0.475 0.4609375 0.1171875 0.072265625
3 0.603125 0.4375 0.134375 0.08984375
3 0.725 0.44921875 0.0515625 0.05859375
3 0.8484375 0.4453125 0.08125 0.056640625
1 0.0796875 0.447265625 0.0578125 0.125
1 0.29375 0.42578125 0.046875 0.154296875
1 0.3328125 0.431640625 0.0515625 0.134765625
2 0.3375 0.505859375 0.0546875 0.072265625
1 0.9125 0.43359375 0.05625 0.162109375
1 0.803125 0.4453125 0.025 0.060546875
1 0.775 0.43359375 0.0234375 0.064453125
1 0.5640625 0.44140625 0.0234375 0.04296875
1 0.5484375 0.439453125 0.0203125 0.025390625
1 0.5328125 0.443359375 0.0171875 0.01953125
1 0.5203125 0.44140625 0.01875 0.0234375
1 0.4375 0.44140625 0.0234375 0.037109375
2 0.2703125 0.5 0.028125 0.0546875
