1 0.890625 0.423828125 0.01875 0.0546875
3 0.8828125 0.416015625 0.115625 0.181640625
3 0.7953125 0.435546875 0.0890625 0.083984375
3 0.6703125 0.431640625 0.109375 0.08984375
1 0.6140625 0.4375 0.01875 0.07421875
1 0.584375 0.43359375 0.0125 0.068359375
1 0.5703125 0.4296875 0.015625 0.083984375
1 0.5375 0.44140625 0.021875 0.0390625
1 0.5078125 0.423828125 0.0203125 0.05078125
1 0.4890625 0.41796875 0.0234375 0.09375
3 0.3921875 0.431640625 0.0828125 0.087890625
3 0.1890625 0.44140625 0.0921875 0.08203125
3 0.071875 0.435546875 0.0984375 0.087890625
3 0.0265625 0.43359375 0.0453125 0.08984375
2 0.0 0.48828125 0.0265625 0.05078125
3 0.0015625 0.431640625 0.025 0.052734375
