3 0.00625 0.3828125 0.15625 0.146484375
3 0.1578125 0.40625 0.078125 0.09765625
3 0.353125 0.443359375 0.065625 0.052734375
3 0.4046875 0.439453125 0.0375 0.037109375
3 0.4375 0.431640625 0.046875 0.044921875
3 0.50625 0.4296875 0.028125 0.03125
3 0.5890625 0.443359375 0.0515625 0.05078125
3 0.61875 0.455078125 0.0734375 0.0703125
3 0.6484375 0.462890625 0.075 0.103515625
3 0.675 0.4296875 0.171875 0.20703125
3 0.753125 0.447265625 0.2421875 0.287109375
3 0.9265625 0.5703125 0.0671875 0.328125
3 0.6328125 0.427734375 0.028125 0.029296875
3 0.578125 0.44140625 0.025 0.041015625
