1 0.859375 0.46875 0.0453125 0.185546875
3 0.7515625 0.44921875 0.1109375 0.109375
3 0.684375 0.4375 0.1109375 0.07421875
3 0.478125 0.4140625 0.03125 0.033203125
3 0.33125 0.43359375 0.0515625 0.05859375
3 0.25625 0.431640625 0.075 0.037109375
3 0.271875 0.458984375 0.0453125 0.076171875
3 0.1796875 0.439453125 0.103125 0.123046875
3 0.121875 0.478515625 0.1328125 0.12890625
3 0.0015625 0.486328125 0.15625 0.189453125
3 0.59375 0.427734375 0.03125 0.05078125
3 0.36875 0.4296875 0.0359375 0.0390625
3 0.40625 0.412109375 0.028125 0.029296875
3 0.0375 0.421875 0.1078125 0.078125
