1 0.6 0.40625 0.0296875 0.11328125
1 0.671875 0.404296875 0.03125 0.10546875
1 0.6296875 0.41015625 0.028125 0.1015625
1 0.75625 0.421875 0.0703125 0.19921875
1 0.8234375 0.37109375 0.0796875 0.248046875
3 0.8890625 0.376953125 0.109375 0.099609375
3 0.90625 0.431640625 0.090625 0.115234375
3 0.2640625 0.455078125 0.1015625 0.09375
3 0.0015625 0.47265625 0.26875 0.28515625
1 0.159375 0.455078125 0.028125 0.06640625
1 0.5203125 0.44140625 0.0171875 0.048828125
1 0.54375 0.431640625 0.0234375 0.046875
1 0.565625 0.431640625 0.01875 0.05078125
3 0.709375 0.427734375 0.0359375 0.0546875
3 0.40625 0.447265625 0.0453125 0.02734375
1 0.1171875 0.470703125 0.021875 0.03515625
1 0.096875 0.470703125 0.028125 0.052734375
3 0.959375 0.654296875 0.0375 0.255859375
