3 0.90625 0.646484375 0.0921875 0.328125
3 0.7578125 0.537109375 0.2359375 0.263671875
3 0.621875 0.455078125 0.1515625 0.1640625
3 0.58125 0.453125 0.0484375 0.060546875
3 0.503125 0.43359375 0.04375 0.037109375
3 0.384375 0.435546875 0.040625 0.0546875
3 0.2578125 0.43359375 0.103125 0.115234375
3 0.1921875 0.46484375 0.1171875 0.12890625
3 0.078125 0.49609375 0.146875 0.166015625
3 0.0 0.5234375 0.1203125 0.2109375
1 0.553125 0.44140625 0.0203125 0.072265625
1 0.540625 0.435546875 0.0203125 0.0703125
3 0.040625 0.44140625 0.0671875 0.03515625
3 0.3734375 0.447265625 0.0265625 0.05859375
3 0.359375 0.453125 0.028125 0.0625
3 0.346875 0.45703125 0.0296875 0.07421875
3 0.4171875 0.44140625 0.0265625 0.0390625
3 0.4296875 0.431640625 0.0265625 0.03125
3 0.1421875 0.4375 0.05 0.033203125
