2 0.0296875 0.484375 0.0703125 0.08984375
2 0.109375 0.49609375 0.028125 0.060546875
2 0.175 0.48828125 0.028125 0.0390625
3 0.55625 0.43359375 0.0578125 0.0390625
3 0.559375 0.455078125 0.05 0.033203125
3 0.178125 0.423828125 0.0859375 0.087890625
1 0.0375 0.40625 0.0578125 0.146484375
1 0.0984375 0.4140625 0.0453125 0.119140625
1 0.171875 0.443359375 0.0296875 0.060546875
2 0.2234375 0.48046875 0.034375 0.037109375
1 0.228125 0.4296875 0.0234375 0.06640625
2 0.2828125 0.470703125 0.0203125 0.041015625
