2 0.871875 0.54296875 0.09375 0.146484375
2 0.5359375 0.46875 0.0171875 0.060546875
2 0.490625 0.46875 0.015625 0.0546875
1 0.0390625 0.41796875 0.034375 0.11328125
1 0.2265625 0.43359375 0.0171875 0.02734375
1 0.78125 0.412109375 0.0375 0.12890625
3 0.9640625 0.515625 0.034375 0.13671875
2 0.7015625 0.455078125 0.0234375 0.083984375
3 0.815625 0.42578125 0.0484375 0.029296875
2 0.209375 0.470703125 0.0203125 0.056640625
1 0.58125 0.4375 0.0171875 0.04296875
1 0.871875 0.369140625 0.0859375 0.236328125
2 0.6640625 0.45703125 0.034375 0.078125
1 0.596875 0.435546875 0.0109375 0.04296875
1 0.5328125 0.41796875 0.025 0.099609375
1 0.484375 0.42578125 0.025 0.083984375
2 0.10625 0.478515625 0.0296875 0.08203125
2 0.0875 0.48046875 0.025 0.087890625
2 0.0734375 0.486328125 0.0234375 0.08203125
2 0.278125 0.4609375 0.021875 0.046875
2 0.2640625 0.46875 0.01875 0.0390625
