3 0.0 0.44140625 0.08125 0.115234375
3 0.134375 0.439453125 0.0609375 0.08203125
3 0.509375 0.44140625 0.078125 0.076171875
2 0.08125 0.505859375 0.05625 0.078125
2 0.1921875 0.50390625 0.0265625 0.064453125
2 0.2515625 0.48828125 0.03125 0.056640625
2 0.3078125 0.55078125 0.06875 0.09375
2 0.39375 0.51953125 0.090625 0.138671875
1 0.3421875 0.416015625 0.0921875 0.19921875
1 0.2515625 0.423828125 0.0328125 0.095703125
1 0.1859375 0.4296875 0.034375 0.126953125
1 0.215625 0.427734375 0.040625 0.087890625
3 0.49375 0.4609375 0.025 0.04296875
3 0.484375 0.453125 0.03125 0.041015625
1 0.2921875 0.435546875 0.034375 0.076171875
1 0.315625 0.435546875 0.021875 0.060546875
