3 0.0 0.509765625 0.1734375 0.181640625
3 0.1171875 0.462890625 0.15 0.154296875
3 0.2484375 0.46875 0.0921875 0.078125
1 0.3328125 0.443359375 0.0265625 0.091796875
3 0.390625 0.44140625 0.04375 0.044921875
3 0.553125 0.447265625 0.0421875 0.046875
3 0.5734375 0.4453125 0.0859375 0.091796875
3 0.6234375 0.490234375 0.1796875 0.15234375
1 0.7390625 0.431640625 0.040625 0.08203125
3 0.828125 0.64453125 0.1671875 0.349609375
18 0.803125 0.515625 0.0296875 0.046875
3 0.4296875 0.435546875 0.025 0.029296875
3 0.534375 0.43359375 0.0375 0.041015625
3 0.4765625 0.431640625 0.025 0.029296875
1 0.5046875 0.431640625 0.0140625 0.03125
1 0.4640625 0.431640625 0.0140625 0.029296875
