1 0.40625 0.4453125 0.01875 0.046875
1 0.48125 0.439453125 0.0203125 0.0625
3 0.78125 0.615234375 0.215625 0.37890625
3 0.6765625 0.517578125 0.2796875 0.248046875
3 0.6296875 0.458984375 0.184375 0.181640625
3 0.3546875 0.45703125 0.0421875 0.05078125
3 0.3140625 0.46484375 0.0609375 0.0703125
3 0.246875 0.474609375 0.0765625 0.08203125
3 0.1984375 0.4921875 0.078125 0.103515625
3 0.075 0.48046875 0.1375 0.16015625
3 0.0 0.52734375 0.134375 0.208984375
3 0.396875 0.44140625 0.0359375 0.033203125
3 0.4390625 0.439453125 0.0234375 0.0234375
3 0.490625 0.43359375 0.0484375 0.056640625
3 0.6046875 0.46875 0.05625 0.115234375
3 0.5953125 0.458984375 0.0515625 0.083984375
3 0.584375 0.455078125 0.04375 0.0703125
3 0.5640625 0.431640625 0.0609375 0.08203125
3 0.553125 0.443359375 0.025 0.046875
3 0.7734375 0.4296875 0.109375 0.046875
3 0.715625 0.4296875 0.0484375 0.03125
