2 0.3578125 0.505859375 0.109375 0.08203125
2 0.2671875 0.51171875 0.0578125 0.07421875
1 0.6734375 0.447265625 0.0609375 0.1953125
3 0.7046875 0.474609375 0.0828125 0.12109375
3 0.634375 0.474609375 0.0609375 0.1171875
3 0.5671875 0.455078125 0.096875 0.11328125
3 0.7734375 0.455078125 0.140625 0.103515625
3 0.884375 0.453125 0.109375 0.099609375
3 0.95625 0.486328125 0.0421875 0.078125
2 0.153125 0.521484375 0.034375 0.076171875
2 0.1921875 0.521484375 0.0453125 0.07421875
1 0.0 0.34765625 0.0171875 0.021484375
1 0.01875 0.34765625 0.01875 0.025390625
1 0.009375 0.34765625 0.0109375 0.025390625
