1 0.7984375 0.43359375 0.0359375 0.16796875
1 0.7125 0.43359375 0.040625 0.1796875
1 0.2734375 0.423828125 0.0359375 0.103515625
1 0.23125 0.431640625 0.040625 0.095703125
2 0.2796875 0.474609375 0.028125 0.064453125
2 0.2375 0.48046875 0.03125 0.060546875
3 0.0046875 0.474609375 0.046875 0.126953125
3 0.00625 0.447265625 0.1265625 0.130859375
3 0.1484375 0.44921875 0.090625 0.0859375
3 0.303125 0.443359375 0.028125 0.056640625
3 0.315625 0.4375 0.0296875 0.05078125
3 0.3390625 0.4453125 0.021875 0.037109375
3 0.35 0.443359375 0.01875 0.03515625
3 0.3625 0.4453125 0.025 0.03125
1 0.378125 0.435546875 0.0171875 0.044921875
1 0.3953125 0.439453125 0.0125 0.03515625
3 0.425 0.44140625 0.025 0.02734375
3 0.56875 0.435546875 0.0265625 0.04296875
3 0.5828125 0.4296875 0.0375 0.0546875
3 0.553125 0.4375 0.025 0.037109375
3 0.596875 0.462890625 0.028125 0.0546875
3 0.65 0.4375 0.053125 0.0859375
3 0.7375 0.44921875 0.0734375 0.095703125
3 0.8234375 0.4453125 0.0578125 0.10546875
3 0.85625 0.416015625 0.134375 0.248046875
1 0.4765625 0.439453125 0.015625 0.03125
1 0.4640625 0.435546875 0.0125 0.037109375
