3 0.0 0.400390625 0.1546875 0.24609375
3 0.140625 0.44921875 0.165625 0.115234375
3 0.421875 0.4375 0.1234375 0.0859375
1 0.575 0.431640625 0.03125 0.1015625
1 0.3671875 0.423828125 0.04375 0.12109375
1 0.309375 0.427734375 0.0265625 0.0859375
1 0.3328125 0.427734375 0.0265625 0.083984375
1 0.2578125 0.42578125 0.0328125 0.04296875
1 0.1203125 0.416015625 0.028125 0.033203125
3 0.815625 0.45703125 0.040625 0.033203125
3 0.846875 0.439453125 0.05625 0.056640625
1 0.934375 0.443359375 0.01875 0.0703125
1 0.946875 0.455078125 0.0125 0.056640625
1 0.425 0.43359375 0.0265625 0.060546875
