3 0.253125 0.447265625 0.2484375 0.1484375
1 0.8328125 0.400390625 0.084375 0.2734375
1 0.928125 0.349609375 0.0671875 0.31640625
3 0.78125 0.4296875 0.0546875 0.072265625
1 0.615625 0.40625 0.0359375 0.115234375
1 0.6546875 0.40625 0.0296875 0.115234375
1 0.6890625 0.408203125 0.03125 0.1171875
1 0.1171875 0.47265625 0.0203125 0.033203125
1 0.5921875 0.427734375 0.021875 0.0546875
3 0.7125 0.421875 0.0328125 0.072265625
1 0.4640625 0.439453125 0.0203125 0.046875
3 0.8828125 0.38671875 0.0609375 0.0546875
