3 0.790625 0.505859375 0.1328125 0.185546875
3 0.696875 0.533203125 0.0546875 0.14453125
3 0.640625 0.44921875 0.1046875 0.154296875
3 0.5890625 0.439453125 0.071875 0.08203125
3 0.7734375 0.45703125 0.1703125 0.083984375
3 0.39375 0.435546875 0.0453125 0.064453125
3 0.3171875 0.458984375 0.078125 0.068359375
3 0.1328125 0.46875 0.1484375 0.083984375
3 0.1640625 0.478515625 0.1515625 0.107421875
1 0.71875 0.4609375 0.084375 0.2890625
1 0.215625 0.48828125 0.0828125 0.275390625
2 0.24375 0.634765625 0.0328125 0.1328125
3 0.4375 0.4375 0.025 0.037109375
3 0.4640625 0.44140625 0.0484375 0.033203125
