1 0.0046875 0.4296875 0.0625 0.2421875
3 0.0578125 0.43359375 0.1 0.16796875
3 0.13125 0.443359375 0.1 0.12890625
3 0.2125 0.462890625 0.0796875 0.08984375
3 0.278125 0.46484375 0.0625 0.068359375
3 0.3515625 0.455078125 0.0546875 0.05078125
3 0.753125 0.42578125 0.1078125 0.109375
3 0.8375 0.416015625 0.0921875 0.123046875
1 0.421875 0.4453125 0.0234375 0.0625
3 0.396875 0.45703125 0.025 0.0390625
3 0.440625 0.455078125 0.021875 0.033203125
3 0.45 0.455078125 0.0234375 0.02734375
3 0.5625 0.44921875 0.0328125 0.033203125
3 0.46875 0.447265625 0.0234375 0.025390625
3 0.48125 0.4453125 0.0203125 0.025390625
1 0.53125 0.453125 0.0125 0.0234375
3 0.725 0.447265625 0.0515625 0.044921875
3 0.8984375 0.40234375 0.09375 0.14453125
3 0.63125 0.443359375 0.0234375 0.0390625
1 0.5421875 0.44140625 0.0140625 0.041015625
