3 0.9078125 0.44921875 0.090625 0.216796875
3 0.6390625 0.384765625 0.3578125 0.2578125
1 0.6078125 0.416015625 0.040625 0.185546875
3 0.5234375 0.400390625 0.175 0.1484375
3 0.471875 0.453125 0.0609375 0.076171875
3 0.4296875 0.447265625 0.096875 0.072265625
3 0.36875 0.447265625 0.075 0.052734375
3 0.321875 0.443359375 0.05 0.0546875
3 0.2921875 0.453125 0.03125 0.0390625
3 0.2671875 0.44921875 0.028125 0.0390625
3 0.178125 0.443359375 0.0375 0.09375
3 0.0 0.4453125 0.046875 0.2109375
3 0.0 0.390625 0.1453125 0.19140625
3 0.1828125 0.43359375 0.0625 0.095703125
3 0.659375 0.384765625 0.1015625 0.07421875
