3 0.1546875 0.45703125 0.1265625 0.12109375
3 0.2515625 0.453125 0.0671875 0.0859375
3 0.575 0.490234375 0.1453125 0.146484375
3 0.6296875 0.5 0.24375 0.232421875
3 0.765625 0.580078125 0.2328125 0.4140625
3 0.3171875 0.4453125 0.0515625 0.056640625
3 0.434375 0.431640625 0.03125 0.037109375
3 0.546875 0.43359375 0.1234375 0.1484375
3 0.0 0.619140625 0.1171875 0.318359375
3 0.0 0.541015625 0.0609375 0.099609375
3 0.471875 0.4296875 0.0234375 0.033203125
1 0.4875 0.4375 0.0203125 0.04296875
3 0.3546875 0.447265625 0.0296875 0.0390625
3 0.375 0.4453125 0.0203125 0.03515625
3 0.415625 0.43359375 0.021875 0.029296875
3 0.5296875 0.455078125 0.040625 0.056640625
3 0.5171875 0.43359375 0.046875 0.060546875
3 0.5078125 0.443359375 0.0234375 0.037109375
3 0.146875 0.4609375 0.053125 0.033203125
1 0.8265625 0.412109375 0.0109375 0.02734375
1 0.8375 0.41015625 0.0125 0.02734375
1 0.846875 0.408203125 0.0140625 0.037109375
