1 0.0703125 0.390625 0.0234375 0.078125
1 0.1171875 0.392578125 0.0203125 0.07421875
1 0.8515625 0.375 0.040625 0.09375
1 0.8921875 0.36328125 0.0421875 0.115234375
1 0.93125 0.3671875 0.04375 0.1171875
3 0.571875 0.466796875 0.4265625 0.255859375
3 0.5890625 0.404296875 0.078125 0.08984375
3 0.434375 0.3984375 0.0671875 0.068359375
3 0.221875 0.3984375 0.0765625 0.078125
3 0.13125 0.380859375 0.0859375 0.091796875
3 0.790625 0.380859375 0.0484375 0.0703125
3 0.715625 0.3828125 0.059375 0.068359375
1 0.696875 0.375 0.01875 0.033203125
3 0.4171875 0.390625 0.0328125 0.0546875
3 0.3890625 0.38671875 0.025 0.0390625
3 0.6703125 0.40625 0.09375 0.052734375
