3 0.003125 0.439453125 0.103125 0.107421875
3 0.034375 0.4609375 0.209375 0.146484375
3 0.215625 0.45703125 0.08125 0.109375
3 0.2875 0.45703125 0.071875 0.095703125
3 0.3546875 0.45703125 0.0546875 0.0625
3 0.4078125 0.455078125 0.03125 0.0546875
3 0.4203125 0.4609375 0.1828125 0.185546875
3 0.6296875 0.474609375 0.06875 0.0859375
3 0.5796875 0.44921875 0.0359375 0.07421875
3 0.659375 0.447265625 0.1765625 0.16015625
3 0.6953125 0.490234375 0.1296875 0.16015625
3 0.759375 0.421875 0.2375 0.380859375
3 0.3796875 0.4453125 0.040625 0.0703125
3 0.4453125 0.44140625 0.021875 0.0390625
3 0.6078125 0.44921875 0.0515625 0.083984375
