1 0.071875 0.50390625 0.0671875 0.166015625
3 0.0 0.56640625 0.0578125 0.181640625
3 0.1125 0.501953125 0.121875 0.14453125
3 0.0328125 0.51953125 0.090625 0.142578125
3 0.171875 0.458984375 0.11875 0.134765625
3 0.2796875 0.47265625 0.05625 0.091796875
3 0.325 0.470703125 0.0375 0.05078125
3 0.346875 0.44921875 0.0484375 0.05859375
3 0.571875 0.447265625 0.0671875 0.072265625
3 0.5984375 0.470703125 0.046875 0.0859375
3 0.609375 0.466796875 0.1234375 0.11328125
3 0.64375 0.5 0.159375 0.14453125
3 0.71875 0.52734375 0.2796875 0.263671875
3 0.5328125 0.4375 0.0359375 0.037109375
1 0.5171875 0.4296875 0.0203125 0.044921875
1 0.503125 0.4296875 0.0203125 0.04296875
3 0.4125 0.435546875 0.0296875 0.0390625
3 0.4 0.4453125 0.0234375 0.037109375
3 0.384375 0.453125 0.021875 0.044921875
