1 0.5546875 0.470703125 0.0546875 0.185546875
1 0.4765625 0.44140625 0.03125 0.095703125
1 0.4453125 0.4453125 0.0265625 0.091796875
1 0.421875 0.4453125 0.028125 0.083984375
1 0.73125 0.45703125 0.01875 0.072265625
3 0.75 0.5 0.1453125 0.126953125
3 0.6734375 0.52734375 0.2171875 0.228515625
3 0.328125 0.46484375 0.096875 0.09375
3 0.1734375 0.505859375 0.159375 0.1796875
3 0.0015625 0.517578125 0.2375 0.314453125
2 0.565625 0.58984375 0.0375 0.115234375
3 0.88125 0.462890625 0.0671875 0.09375
3 0.7703125 0.45703125 0.0546875 0.044921875
1 0.5375 0.44140625 0.0203125 0.044921875
