3 0.8578125 0.412109375 0.140625 0.279296875
3 0.6375 0.400390625 0.1453125 0.15234375
3 0.5953125 0.447265625 0.046875 0.060546875
3 0.565625 0.4453125 0.0359375 0.05859375
3 0.5125 0.44140625 0.0375 0.03515625
3 0.4625 0.443359375 0.0265625 0.029296875
3 0.40625 0.44140625 0.0234375 0.03125
3 0.390625 0.443359375 0.0234375 0.029296875
3 0.375 0.44140625 0.0203125 0.033203125
3 0.3578125 0.4375 0.025 0.0390625
3 0.3421875 0.4453125 0.021875 0.033203125
3 0.2578125 0.423828125 0.0671875 0.068359375
