1 0.90625 0.51171875 0.0921875 0.41015625
3 0.8453125 0.53515625 0.1 0.177734375
3 0.7640625 0.505859375 0.1484375 0.13671875
3 0.6203125 0.44921875 0.0625 0.052734375
3 0.55 0.4296875 0.0328125 0.041015625
3 0.440625 0.4375 0.0421875 0.0625
3 0.3890625 0.4453125 0.0609375 0.08203125
3 0.0015625 0.421875 0.0484375 0.0546875
3 0.0015625 0.443359375 0.19375 0.109375
3 0.159375 0.416015625 0.090625 0.083984375
3 0.0 0.548828125 0.13125 0.287109375
3 0.0625 0.5 0.209375 0.201171875
3 0.2171875 0.4453125 0.15625 0.177734375
3 0.6046875 0.4375 0.0375 0.0390625
3 0.475 0.4375 0.0265625 0.0390625
3 0.5015625 0.4296875 0.0265625 0.03125
3 0.3 0.427734375 0.059375 0.052734375
