1 0.9546875 0.34765625 0.0390625 0.3359375
3 0.8921875 0.380859375 0.0859375 0.08203125
3 0.903125 0.455078125 0.0578125 0.078125
1 0.840625 0.380859375 0.0671875 0.232421875
1 0.7671875 0.40234375 0.0734375 0.23828125
1 0.6265625 0.431640625 0.025 0.064453125
1 0.6015625 0.41796875 0.03125 0.087890625
1 0.575 0.4296875 0.028125 0.078125
1 0.046875 0.453125 0.025 0.07421875
1 0.0234375 0.453125 0.03125 0.083984375
3 0.7078125 0.4296875 0.0375 0.056640625
1 0.540625 0.435546875 0.0203125 0.0546875
1 0.1390625 0.45703125 0.01875 0.0390625
1 0.1203125 0.47265625 0.01875 0.03125
1 0.36875 0.4453125 0.0125 0.03125
