3 0.509375 0.515625 0.4859375 0.216796875
1 0.5796875 0.455078125 0.03125 0.095703125
1 0.7828125 0.458984375 0.028125 0.0625
1 0.8421875 0.44921875 0.034375 0.10546875
1 0.884375 0.4609375 0.028125 0.107421875
3 0.4484375 0.48046875 0.053125 0.0546875
3 0.0 0.517578125 0.325 0.140625
1 0.1921875 0.447265625 0.0203125 0.03515625
1 0.20625 0.4453125 0.0203125 0.03515625
1 0.21875 0.455078125 0.0140625 0.0234375
1 0.228125 0.45703125 0.015625 0.025390625
1 0.2453125 0.455078125 0.01875 0.02734375
