2 0.696875 0.478515625 0.0296875 0.04296875
3 0.3703125 0.44140625 0.059375 0.05859375
3 0.2046875 0.447265625 0.0671875 0.0546875
3 0.2609375 0.439453125 0.0390625 0.0546875
3 0.2875 0.4375 0.0359375 0.048828125
3 0.4953125 0.4453125 0.0578125 0.05078125
3 0.478125 0.439453125 0.0203125 0.046875
3 0.4625 0.447265625 0.021875 0.03515625
3 0.446875 0.44921875 0.01875 0.025390625
3 0.43125 0.4453125 0.0203125 0.025390625
3 0.3234375 0.443359375 0.015625 0.04296875
3 0.3375 0.44921875 0.0171875 0.03125
3 0.3515625 0.455078125 0.0171875 0.0234375
