1 0.8953125 0.4296875 0.103125 0.216796875
1 0.6640625 0.423828125 0.0734375 0.1875
1 0.603125 0.412109375 0.08125 0.19921875
1 0.5375 0.421875 0.0453125 0.189453125
1 0.46875 0.41796875 0.05625 0.181640625
1 0.425 0.416015625 0.065625 0.181640625
1 0.4015625 0.4140625 0.0515625 0.138671875
1 0.34375 0.423828125 0.04375 0.158203125
1 0.296875 0.39453125 0.05 0.166015625
1 0.246875 0.380859375 0.025 0.076171875
1 0.228125 0.396484375 0.025 0.06640625
3 0.1546875 0.40625 0.06875 0.064453125
3 0.26875 0.400390625 0.0265625 0.041015625
1 0.4890625 0.400390625 0.0328125 0.06640625
1 0.528125 0.421875 0.025 0.16796875
1 0.5828125 0.42578125 0.01875 0.08203125
1 0.571875 0.4140625 0.028125 0.16015625
