3 0.653125 0.498046875 0.2234375 0.189453125
3 0.609375 0.48046875 0.11875 0.115234375
3 0.5953125 0.447265625 0.1046875 0.0859375
3 0.559375 0.423828125 0.065625 0.08203125
3 0.515625 0.421875 0.05 0.0625
3 0.34375 0.44140625 0.0421875 0.04296875
3 0.3 0.44140625 0.0671875 0.06640625
1 0.246875 0.453125 0.0453125 0.125
1 0.4203125 0.423828125 0.021875 0.0546875
1 0.4703125 0.416015625 0.0203125 0.05859375
3 0.203125 0.462890625 0.059375 0.103515625
3 0.0015625 0.4453125 0.2046875 0.240234375
2 0.253125 0.5234375 0.028125 0.087890625
3 0.090625 0.427734375 0.0765625 0.02734375
3 0.3734375 0.435546875 0.0234375 0.04296875
3 0.375 0.423828125 0.040625 0.05078125
3 0.4875 0.42578125 0.01875 0.025390625
