3 0.4390625 0.455078125 0.1375 0.12890625
1 0.646875 0.41796875 0.0328125 0.10546875
1 0.6234375 0.427734375 0.0234375 0.06640625
1 0.6046875 0.43359375 0.021875 0.0625
1 0.58125 0.43359375 0.0234375 0.06640625
3 0.78125 0.427734375 0.0515625 0.072265625
3 0.85625 0.37890625 0.1421875 0.13671875
3 0.90625 0.42578125 0.0921875 0.123046875
3 0.7125 0.42578125 0.034375 0.0625
1 0.115625 0.46875 0.0234375 0.037109375
1 0.290625 0.453125 0.0125 0.037109375
1 0.2875 0.455078125 0.0125 0.03125
3 0.3796875 0.44921875 0.0328125 0.02734375
