3 0.78125 0.431640625 0.0625 0.072265625
3 0.8765625 0.380859375 0.1140625 0.109375
3 0.9078125 0.4453125 0.084375 0.09375
1 0.8390625 0.369140625 0.053125 0.240234375
1 0.65625 0.412109375 0.028125 0.119140625
1 0.6203125 0.40625 0.0328125 0.125
1 0.3375 0.427734375 0.0453125 0.1328125
1 0.4546875 0.42578125 0.0203125 0.068359375
1 0.4375 0.4375 0.0171875 0.05859375
3 0.7125 0.42578125 0.0359375 0.0625
1 0.159375 0.458984375 0.01875 0.041015625
1 0.115625 0.47265625 0.0234375 0.029296875
1 0.1046875 0.4609375 0.01875 0.060546875
1 0.565625 0.42578125 0.01875 0.05859375
1 0.5421875 0.43359375 0.01875 0.05078125
1 0.5921875 0.427734375 0.0203125 0.0546875
