3 0.1296875 0.484375 0.146875 0.12109375
3 0.2265625 0.4609375 0.090625 0.095703125
3 0.3078125 0.462890625 0.0625 0.056640625
3 0.575 0.44921875 0.059375 0.064453125
3 0.6046875 0.470703125 0.071875 0.08984375
3 0.6265625 0.484375 0.078125 0.11328125
3 0.66875 0.478515625 0.2125 0.203125
3 0.559375 0.44921875 0.028125 0.044921875
3 0.5484375 0.443359375 0.03125 0.044921875
3 0.4890625 0.421875 0.0203125 0.0234375
3 0.390625 0.4375 0.0375 0.041015625
3 0.378125 0.443359375 0.0375 0.044921875
3 0.13125 0.443359375 0.096875 0.0703125
3 0.0875 0.46875 0.0671875 0.087890625
