1 0.6546875 0.39453125 0.05625 0.16796875
1 0.7078125 0.396484375 0.0375 0.158203125
1 0.7390625 0.400390625 0.0296875 0.166015625
1 0.7546875 0.3984375 0.04375 0.16796875
1 0.628125 0.427734375 0.0203125 0.06640625
1 0.6078125 0.4296875 0.0203125 0.060546875
1 0.5921875 0.431640625 0.0234375 0.0625
1 0.3125 0.455078125 0.021875 0.052734375
3 0.790625 0.42578125 0.0453125 0.07421875
3 0.8515625 0.376953125 0.1453125 0.13671875
3 0.90625 0.427734375 0.0921875 0.119140625
1 0.1125 0.466796875 0.0234375 0.037109375
1 0.096875 0.470703125 0.025 0.05078125
1 0.284375 0.455078125 0.0234375 0.0546875
