3 0.90625 0.5859375 0.0921875 0.232421875
3 0.70625 0.4921875 0.2921875 0.216796875
3 0.5625 0.490234375 0.1953125 0.123046875
1 0.7390625 0.447265625 0.040625 0.076171875
3 0.465625 0.4609375 0.1515625 0.103515625
3 0.4046875 0.455078125 0.109375 0.0859375
1 0.3484375 0.431640625 0.028125 0.06640625
1 0.0515625 0.421875 0.025 0.052734375
3 0.2828125 0.43359375 0.0734375 0.05859375
3 0.7265625 0.423828125 0.0421875 0.029296875
1 0.09375 0.423828125 0.01875 0.052734375
1 0.109375 0.412109375 0.0203125 0.05859375
1 0.1515625 0.412109375 0.01875 0.0546875
1 0.1421875 0.41796875 0.01875 0.05078125
