3 0.853125 0.37890625 0.14375 0.140625
3 0.9046875 0.43359375 0.09375 0.11328125
1 0.78125 0.39453125 0.046875 0.177734375
1 0.7125 0.384765625 0.0515625 0.1953125
1 0.3828125 0.40625 0.05 0.15625
1 0.28125 0.412109375 0.065625 0.212890625
2 0.2984375 0.517578125 0.0359375 0.12890625
3 0.63125 0.435546875 0.025 0.02734375
1 0.159375 0.458984375 0.01875 0.0390625
1 0.1171875 0.470703125 0.0203125 0.033203125
1 0.1046875 0.462890625 0.0203125 0.0546875
1 0.603125 0.431640625 0.0234375 0.0625
1 0.5875 0.4296875 0.021875 0.05859375
1 0.540625 0.4375 0.021875 0.05078125
