2 0.3484375 0.63671875 0.034375 0.15625
1 0.6390625 0.458984375 0.08125 0.2734375
1 0.3234375 0.494140625 0.0875 0.25
3 0.0 0.53125 0.1046875 0.2421875
3 0.2515625 0.46875 0.0875 0.0859375
3 0.3421875 0.447265625 0.065625 0.0703125
3 0.459375 0.431640625 0.0359375 0.041015625
3 0.565625 0.4453125 0.04375 0.064453125
3 0.596875 0.44140625 0.0546875 0.099609375
3 0.690625 0.484375 0.05625 0.11328125
3 0.61875 0.478515625 0.040625 0.099609375
3 0.7828125 0.564453125 0.215625 0.353515625
3 0.196875 0.45703125 0.1125 0.06640625
3 0.0 0.44140625 0.0453125 0.08984375
3 0.3984375 0.443359375 0.034375 0.04296875
3 0.41875 0.4375 0.0265625 0.0390625
3 0.6828125 0.44921875 0.13125 0.072265625
3 0.8328125 0.4296875 0.125 0.08984375
3 0.8625 0.439453125 0.1359375 0.08203125
