3 0.296875 0.41796875 0.0609375 0.0625
3 0.3484375 0.41796875 0.0359375 0.04296875
3 0.3796875 0.421875 0.021875 0.033203125
3 0.815625 0.447265625 0.084375 0.12890625
1 0.871875 0.3984375 0.090625 0.24609375
2 0.9078125 0.568359375 0.0484375 0.09765625
2 0.8671875 0.56640625 0.0375 0.076171875
2 0.7671875 0.525390625 0.0421875 0.078125
1 0.753125 0.390625 0.0703125 0.1875
1 0.696875 0.4296875 0.04375 0.11328125
2 0.7015625 0.49609375 0.028125 0.05859375
1 0.63125 0.435546875 0.0375 0.09765625
2 0.640625 0.494140625 0.0265625 0.04296875
1 0.5734375 0.41796875 0.021875 0.06640625
1 0.55 0.423828125 0.025 0.056640625
2 0.259375 0.44140625 0.0296875 0.041015625
1 0.5265625 0.423828125 0.01875 0.044921875
1 0.5078125 0.421875 0.01875 0.044921875
