3 0.646875 0.470703125 0.171875 0.15234375
3 0.6171875 0.47265625 0.0703125 0.09765625
3 0.5828125 0.443359375 0.0609375 0.076171875
3 0.84375 0.5390625 0.153125 0.3203125
3 0.5390625 0.4453125 0.0296875 0.033203125
3 0.3390625 0.447265625 0.065625 0.0546875
3 0.1921875 0.443359375 0.1171875 0.06640625
3 0.415625 0.4453125 0.034375 0.03515625
2 0.196875 0.458984375 0.05 0.056640625
3 0.3890625 0.447265625 0.025 0.044921875
1 0.4640625 0.44140625 0.0125 0.029296875
1 0.5125 0.443359375 0.0125 0.029296875
1 0.5234375 0.439453125 0.0109375 0.037109375
3 0.5625 0.4453125 0.0328125 0.060546875
