3 0.6171875 0.46484375 0.0828125 0.08203125
3 0.59375 0.44921875 0.0359375 0.056640625
3 0.53125 0.4453125 0.0375 0.0390625
3 0.703125 0.484375 0.1875 0.15625
3 0.8140625 0.494140625 0.184375 0.283203125
3 0.346875 0.439453125 0.065625 0.041015625
3 0.0734375 0.431640625 0.16875 0.076171875
3 0.1578125 0.41796875 0.084375 0.0703125
18 0.3265625 0.4765625 0.0140625 0.01953125
1 0.3375 0.43359375 0.021875 0.068359375
3 0.00625 0.41015625 0.06875 0.1015625
3 0.278125 0.435546875 0.046875 0.044921875
3 0.25625 0.427734375 0.0265625 0.06640625
3 0.4734375 0.447265625 0.025 0.025390625
3 0.5734375 0.453125 0.0265625 0.041015625
3 0.0 0.44921875 0.0296875 0.064453125
