1 0.5625 0.3984375 0.0328125 0.1171875
3 0.0125 0.392578125 0.0453125 0.044921875
3 0.0625 0.390625 0.0421875 0.0390625
3 0.1421875 0.42578125 0.109375 0.1015625
3 0.421875 0.396484375 0.1109375 0.060546875
3 0.4703125 0.404296875 0.10625 0.060546875
3 0.615625 0.412109375 0.0828125 0.046875
3 0.7015625 0.4140625 0.028125 0.044921875
3 0.721875 0.427734375 0.034375 0.04296875
3 0.7796875 0.41015625 0.078125 0.0625
3 0.23125 0.384765625 0.0328125 0.03125
3 0.1328125 0.3671875 0.078125 0.041015625
1 0.259375 0.3828125 0.0171875 0.0625
