1 0.5796875 0.439453125 0.01875 0.05859375
1 0.6 0.43359375 0.0203125 0.064453125
1 0.678125 0.41796875 0.034375 0.123046875
1 0.709375 0.404296875 0.0296875 0.134765625
1 0.7890625 0.40625 0.0484375 0.162109375
1 0.7515625 0.3984375 0.046875 0.169921875
3 0.8546875 0.380859375 0.14375 0.1328125
3 0.903125 0.435546875 0.09375 0.107421875
3 0.425 0.443359375 0.04375 0.046875
3 0.309375 0.447265625 0.0921875 0.087890625
1 0.5421875 0.43359375 0.0234375 0.052734375
3 0.63125 0.43359375 0.021875 0.033203125
1 0.6515625 0.43359375 0.0203125 0.0390625
1 0.1546875 0.455078125 0.01875 0.05078125
1 0.11875 0.47265625 0.01875 0.033203125
1 0.1046875 0.4609375 0.01875 0.0546875
