3 0.303125 0.46875 0.0953125 0.078125
3 0.2953125 0.45703125 0.0453125 0.044921875
3 0.2328125 0.447265625 0.046875 0.052734375
3 0.8171875 0.46875 0.1578125 0.0546875
1 0.6765625 0.431640625 0.021875 0.0625
1 0.6546875 0.4296875 0.0265625 0.0625
1 0.6296875 0.439453125 0.0296875 0.068359375
1 0.1984375 0.453125 0.0203125 0.05859375
1 0.178125 0.447265625 0.025 0.06640625
3 0.4125 0.45703125 0.04375 0.037109375
3 0.396875 0.4453125 0.0296875 0.037109375
3 0.3796875 0.4453125 0.021875 0.033203125
2 0.90625 0.517578125 0.0765625 0.08203125
3 0.9421875 0.455078125 0.040625 0.033203125
1 0.578125 0.4296875 0.0203125 0.03125
