3 0.0 0.44140625 0.0671875 0.1875
3 0.0421875 0.46484375 0.15 0.146484375
3 0.16875 0.462890625 0.1 0.107421875
3 0.3078125 0.45703125 0.065625 0.0625
3 0.834375 0.41796875 0.159375 0.14453125
3 0.825 0.431640625 0.059375 0.08203125
1 0.36875 0.4453125 0.03125 0.08203125
3 0.4 0.443359375 0.0296875 0.052734375
3 0.4265625 0.455078125 0.0203125 0.03515625
3 0.4453125 0.4453125 0.025 0.033203125
3 0.5625 0.455078125 0.0375 0.0390625
3 0.6421875 0.4453125 0.0296875 0.041015625
3 0.753125 0.447265625 0.0703125 0.05078125
1 0.5296875 0.443359375 0.0125 0.037109375
1 0.5421875 0.4453125 0.0140625 0.037109375
3 0.44375 0.44921875 0.01875 0.037109375
3 0.4640625 0.453125 0.0203125 0.02734375
3 0.4765625 0.447265625 0.0203125 0.025390625
