3 0.8484375 0.443359375 0.1484375 0.14453125
1 0.7765625 0.458984375 0.025 0.130859375
3 0.8 0.455078125 0.04375 0.08203125
3 0.6953125 0.45703125 0.078125 0.078125
3 0.6640625 0.439453125 0.0859375 0.06640625
3 0.0 0.490234375 0.0625 0.232421875
3 0.03125 0.494140625 0.1609375 0.1640625
3 0.128125 0.466796875 0.1234375 0.130859375
3 0.2265625 0.47265625 0.0875 0.087890625
3 0.246875 0.44140625 0.0796875 0.09375
3 0.35625 0.435546875 0.04375 0.05078125
3 0.38125 0.431640625 0.0375 0.037109375
3 0.4875 0.423828125 0.028125 0.02734375
