3 0.78125 0.4140625 0.0609375 0.08203125
3 0.8546875 0.37890625 0.1 0.134765625
1 0.9125 0.384765625 0.0859375 0.36328125
1 0.640625 0.423828125 0.028125 0.072265625
1 0.6125 0.4140625 0.0375 0.095703125
1 0.584375 0.431640625 0.0328125 0.078125
1 0.0625 0.44921875 0.0234375 0.033203125
1 0.078125 0.453125 0.025 0.03125
1 0.1171875 0.470703125 0.021875 0.033203125
3 0.709375 0.431640625 0.0359375 0.0546875
3 0.434375 0.44921875 0.040625 0.0234375
1 0.4078125 0.4453125 0.009375 0.029296875
1 0.403125 0.447265625 0.0109375 0.025390625
