2 0.6765625 0.537109375 0.0625 0.12109375
2 0.54375 0.50390625 0.0375 0.080078125
2 0.346875 0.47265625 0.01875 0.0390625
2 0.3921875 0.48046875 0.01875 0.03125
2 0.315625 0.46484375 0.0171875 0.025390625
2 0.0921875 0.45703125 0.0296875 0.083984375
2 0.1765625 0.470703125 0.01875 0.0390625
1 0.071875 0.4375 0.021875 0.0703125
1 0.2453125 0.447265625 0.0140625 0.041015625
1 0.153125 0.44140625 0.0125 0.03515625
1 0.1421875 0.44140625 0.0125 0.037109375
1 0.89375 0.3984375 0.05 0.115234375
1 0.8390625 0.41015625 0.04375 0.1171875
2 0.8 0.48828125 0.0671875 0.09375
3 0.85 0.45703125 0.1484375 0.21875
3 0.578125 0.455078125 0.103125 0.115234375
3 0.5015625 0.44921875 0.0421875 0.08984375
3 0.4546875 0.4453125 0.0734375 0.078125
3 0.4078125 0.44921875 0.0375 0.046875
1 0.71875 0.404296875 0.0203125 0.03125
1 0.665625 0.408203125 0.0734375 0.181640625
1 0.5328125 0.41015625 0.046875 0.138671875
1 0.390625 0.423828125 0.021875 0.060546875
1 0.3453125 0.4296875 0.021875 0.046875
1 0.315625 0.44140625 0.01875 0.03125
3 0.290625 0.44921875 0.0171875 0.021484375
3 0.259375 0.44921875 0.01875 0.0234375
1 0.178125 0.43359375 0.01875 0.041015625
1 0.0953125 0.41796875 0.028125 0.044921875
