3 0.0 0.529296875 0.1296875 0.21875
3 0.0625 0.5 0.1546875 0.158203125
3 0.2328125 0.46875 0.103125 0.091796875
3 0.3078125 0.46484375 0.0453125 0.052734375
3 0.3296875 0.455078125 0.0453125 0.05078125
3 0.353125 0.44921875 0.0328125 0.04296875
3 0.3734375 0.4375 0.0578125 0.0390625
3 0.55625 0.4453125 0.075 0.056640625
3 0.546875 0.4375 0.05 0.046875
3 0.6453125 0.44921875 0.26875 0.23046875
3 0.9109375 0.72265625 0.0875 0.248046875
3 0.8671875 0.4453125 0.06875 0.0625
3 0.8921875 0.4453125 0.0953125 0.09375
3 0.4125 0.4296875 0.034375 0.033203125
3 0.4328125 0.427734375 0.01875 0.029296875
3 0.44375 0.423828125 0.0234375 0.0234375
