3 0.003125 0.484375 0.20625 0.1640625
3 0.0 0.5234375 0.125 0.23828125
3 0.24375 0.462890625 0.1078125 0.109375
3 0.31875 0.458984375 0.05625 0.072265625
3 0.3625 0.443359375 0.0625 0.0703125
3 0.4515625 0.43359375 0.046875 0.046875
3 0.6046875 0.453125 0.0359375 0.05859375
3 0.6296875 0.453125 0.0359375 0.07421875
3 0.6453125 0.447265625 0.1375 0.15234375
3 0.9125 0.48046875 0.0859375 0.34375
1 0.828125 0.474609375 0.1046875 0.39453125
1 0.1890625 0.478515625 0.0875 0.234375
2 0.1953125 0.62890625 0.0828125 0.14453125
3 0.4 0.435546875 0.0328125 0.0546875
3 0.41875 0.43359375 0.0265625 0.052734375
3 0.496875 0.4296875 0.0203125 0.0234375
3 0.5046875 0.421875 0.025 0.029296875
3 0.575 0.4296875 0.0296875 0.03125
1 0.5234375 0.4375 0.0203125 0.041015625
