2 0.39375 0.546875 0.1296875 0.099609375
3 0.4265625 0.42578125 0.025 0.025390625
3 0.5390625 0.4375 0.046875 0.05078125
3 0.5578125 0.4453125 0.0703125 0.0703125
1 0.4140625 0.486328125 0.0640625 0.1484375
1 0.3140625 0.42578125 0.0203125 0.046875
1 0.24375 0.42578125 0.015625 0.046875
3 0.040625 0.435546875 0.0734375 0.03515625
1 0.05 0.44140625 0.028125 0.0546875
3 0.503125 0.423828125 0.0328125 0.033203125
2 0.1921875 0.47265625 0.0234375 0.033203125
1 0.9640625 0.435546875 0.0296875 0.119140625
