1 0.621875 0.4375 0.0296875 0.12109375
1 0.6546875 0.41796875 0.0734375 0.1953125
3 0.00625 0.41015625 0.1421875 0.06640625
3 0.0015625 0.44921875 0.1796875 0.203125
3 0.290625 0.453125 0.1015625 0.083984375
3 0.378125 0.453125 0.0421875 0.056640625
3 0.409375 0.44140625 0.0421875 0.05078125
3 0.46875 0.439453125 0.034375 0.037109375
3 0.8125 0.447265625 0.1046875 0.09375
3 0.9390625 0.47265625 0.05 0.0625
3 0.725 0.4765625 0.1515625 0.15234375
3 0.9171875 0.623046875 0.078125 0.1953125
3 0.728125 0.4375 0.0921875 0.04296875
3 0.4390625 0.4375 0.0296875 0.056640625
1 0.3484375 0.42578125 0.0234375 0.029296875
3 0.1375 0.427734375 0.06875 0.072265625
3 0.496875 0.439453125 0.01875 0.02734375
3 0.5875 0.435546875 0.0265625 0.03125
