3 0.109375 0.462890625 0.153125 0.140625
3 0.240625 0.44921875 0.0703125 0.09765625
3 0.3125 0.447265625 0.046875 0.056640625
3 0.434375 0.4375 0.0375 0.03515625
3 0.5984375 0.49609375 0.18125 0.193359375
3 0.6796875 0.53125 0.315625 0.296875
3 0.9171875 0.80859375 0.08125 0.189453125
3 0.55625 0.431640625 0.14375 0.169921875
3 0.471875 0.427734375 0.028125 0.033203125
1 0.4921875 0.4375 0.0203125 0.044921875
1 0.859375 0.408203125 0.01875 0.029296875
1 0.85 0.40625 0.0125 0.029296875
3 0.303125 0.458984375 0.028125 0.0625
3 0.353125 0.447265625 0.0296875 0.04296875
3 0.36875 0.443359375 0.0265625 0.041015625
3 0.515625 0.4375 0.021875 0.046875
3 0.5375 0.455078125 0.0296875 0.056640625
3 0.5515625 0.455078125 0.034375 0.06640625
