1 0.896875 0.443359375 0.0296875 0.05859375
1 0.8546875 0.44921875 0.03125 0.064453125
1 0.7375 0.375 0.075 0.236328125
2 0.7390625 0.546875 0.0609375 0.13671875
3 0.6265625 0.41796875 0.090625 0.076171875
1 0.56875 0.4296875 0.021875 0.083984375
1 0.540625 0.427734375 0.025 0.1015625
1 0.5078125 0.43359375 0.0203125 0.046875
1 0.4734375 0.427734375 0.0234375 0.07421875
3 0.4421875 0.44140625 0.0234375 0.03125
3 0.38125 0.439453125 0.034375 0.03515625
3 0.2546875 0.43359375 0.121875 0.1015625
3 0.025 0.423828125 0.09375 0.09765625
1 0.94375 0.4375 0.03125 0.060546875
