3 0.003125 0.4375 0.1015625 0.197265625
3 0.1453125 0.4453125 0.0578125 0.05078125
3 0.221875 0.4296875 0.0828125 0.0390625
3 0.30625 0.431640625 0.059375 0.08984375
3 0.146875 0.4609375 0.125 0.091796875
3 0.353125 0.447265625 0.103125 0.07421875
3 0.4765625 0.453125 0.0296875 0.025390625
3 0.68125 0.44140625 0.05 0.072265625
3 0.58125 0.439453125 0.109375 0.123046875
1 0.2625 0.439453125 0.0265625 0.103515625
1 0.284375 0.431640625 0.028125 0.109375
1 0.521875 0.427734375 0.025 0.05078125
1 0.5203125 0.447265625 0.028125 0.091796875
1 0.54375 0.4296875 0.05 0.140625
3 0.70625 0.4140625 0.2921875 0.51171875
