1 0.9015625 0.48828125 0.040625 0.12109375
1 0.6234375 0.439453125 0.0375 0.140625
1 0.659375 0.455078125 0.0203125 0.068359375
2 0.628125 0.521484375 0.0234375 0.083984375
3 0.371875 0.455078125 0.06875 0.0625
3 0.4625 0.458984375 0.0265625 0.025390625
3 0.05625 0.44140625 0.0765625 0.056640625
3 0.0046875 0.46875 0.0765625 0.103515625
3 0.121875 0.4453125 0.046875 0.05078125
3 0.1875 0.447265625 0.040625 0.04296875
3 0.528125 0.462890625 0.0328125 0.0234375
1 0.615625 0.447265625 0.0203125 0.05859375
1 0.2640625 0.4453125 0.0171875 0.05078125
1 0.2796875 0.4453125 0.0203125 0.052734375
1 0.30625 0.4375 0.015625 0.052734375
1 0.3171875 0.439453125 0.0171875 0.052734375
1 0.6 0.458984375 0.015625 0.03515625
