3 0.0015625 0.466796875 0.221875 0.22265625
3 0.209375 0.48046875 0.0875 0.125
3 0.35 0.431640625 0.0609375 0.07421875
3 0.5578125 0.447265625 0.0484375 0.05859375
3 0.5921875 0.46484375 0.0625 0.0625
3 0.5984375 0.470703125 0.06875 0.078125
3 0.6375 0.484375 0.103125 0.087890625
3 0.646875 0.494140625 0.1421875 0.134765625
3 0.7125 0.4921875 0.2796875 0.30078125
3 0.8984375 0.69921875 0.1 0.259765625
3 0.4015625 0.4453125 0.021875 0.0390625
3 0.409375 0.435546875 0.0296875 0.0390625
1 0.434375 0.4296875 0.01875 0.0390625
1 0.4640625 0.427734375 0.01875 0.04296875
1 0.4875 0.423828125 0.01875 0.044921875
3 0.540625 0.427734375 0.0296875 0.044921875
