3 0.0921875 0.478515625 0.16875 0.138671875
3 0.2171875 0.466796875 0.075 0.091796875
3 0.2578125 0.458984375 0.075 0.064453125
3 0.3046875 0.443359375 0.0578125 0.064453125
3 0.3296875 0.431640625 0.059375 0.056640625
3 0.5640625 0.447265625 0.0875 0.072265625
3 0.7921875 0.484375 0.20625 0.48046875
3 0.9015625 0.439453125 0.0875 0.044921875
3 0.9515625 0.40234375 0.046875 0.0703125
3 0.803125 0.408203125 0.0765625 0.0859375
3 0.5421875 0.42578125 0.0515625 0.05859375
3 0.384375 0.431640625 0.0265625 0.03515625
3 0.3921875 0.421875 0.0328125 0.037109375
3 0.4171875 0.41796875 0.01875 0.037109375
3 0.4296875 0.416015625 0.0234375 0.02734375
3 0.53125 0.42578125 0.025 0.0390625
3 0.471875 0.412109375 0.01875 0.01953125
