3 0.6609375 0.419921875 0.3359375 0.248046875
3 0.4203125 0.443359375 0.0609375 0.060546875
2 0.109375 0.470703125 0.0328125 0.068359375
2 0.021875 0.484375 0.078125 0.068359375
1 0.00625 0.400390625 0.021875 0.1015625
1 0.1265625 0.421875 0.021875 0.052734375
1 0.6953125 0.419921875 0.0234375 0.056640625
1 0.6390625 0.41796875 0.028125 0.087890625
1 0.603125 0.42578125 0.0203125 0.080078125
1 0.575 0.4296875 0.01875 0.076171875
2 0.565625 0.458984375 0.015625 0.046875
3 0.390625 0.44921875 0.0359375 0.03515625
