3 0.7796875 0.537109375 0.2171875 0.263671875
3 0.6953125 0.5 0.159375 0.158203125
3 0.6296875 0.443359375 0.1421875 0.14453125
3 0.6 0.447265625 0.0734375 0.087890625
3 0.509375 0.427734375 0.0765625 0.103515625
3 0.35625 0.447265625 0.0625 0.076171875
1 0.4609375 0.4453125 0.01875 0.0703125
1 0.3203125 0.466796875 0.034375 0.095703125
3 0.2828125 0.47265625 0.0484375 0.083984375
3 0.1328125 0.486328125 0.165625 0.14453125
3 0.0 0.541015625 0.103125 0.201171875
3 0.9640625 0.44921875 0.0328125 0.068359375
3 0.759375 0.44140625 0.0515625 0.05859375
3 0.8234375 0.427734375 0.0625 0.072265625
3 0.853125 0.455078125 0.03125 0.0546875
3 0.446875 0.44140625 0.0265625 0.029296875
3 0.4734375 0.431640625 0.021875 0.037109375
3 0.4921875 0.4375 0.028125 0.03515625
3 0.03125 0.455078125 0.0796875 0.05078125
3 0.0 0.453125 0.0765625 0.05859375
3 0.3828125 0.44140625 0.0515625 0.05859375
