1 0.565625 0.431640625 0.0265625 0.078125
1 0.7296875 0.41796875 0.0234375 0.115234375
1 0.7703125 0.427734375 0.028125 0.09765625
1 0.2890625 0.443359375 0.0328125 0.0703125
1 0.1921875 0.4375 0.040625 0.076171875
1 0.3765625 0.42578125 0.021875 0.03515625
1 0.15625 0.43359375 0.025 0.0546875
1 0.1265625 0.435546875 0.0265625 0.0625
1 0.6703125 0.435546875 0.0359375 0.091796875
2 0.64375 0.490234375 0.0796875 0.05859375
2 0.846875 0.587890625 0.1515625 0.22265625
1 0.06875 0.44140625 0.01875 0.037109375
3 0.5375 0.439453125 0.0421875 0.046875
3 0.49375 0.427734375 0.0265625 0.02734375
1 0.0078125 0.45703125 0.028125 0.056640625
2 0.0 0.498046875 0.05625 0.037109375
3 0.525 0.435546875 0.021875 0.041015625
3 0.5125 0.43359375 0.021875 0.03125
