2 0.184375 0.521484375 0.0453125 0.087890625
2 0.9515625 0.583984375 0.046875 0.16796875
2 0.7265625 0.5234375 0.046875 0.09765625
2 0.5015625 0.47265625 0.0171875 0.0546875
2 0.4578125 0.47265625 0.0171875 0.05078125
1 0.596875 0.439453125 0.021875 0.0703125
1 0.6296875 0.439453125 0.01875 0.0390625
1 0.053125 0.42578125 0.034375 0.123046875
3 0.6203125 0.44921875 0.1078125 0.09375
3 0.353125 0.45703125 0.034375 0.02734375
1 0.678125 0.431640625 0.021875 0.01953125
1 0.9421875 0.392578125 0.05625 0.20703125
1 0.7125 0.40625 0.0609375 0.177734375
1 0.5046875 0.4296875 0.015625 0.05078125
1 0.4546875 0.41796875 0.021875 0.0546875
3 0.421875 0.453125 0.01875 0.0234375
1 0.1921875 0.41796875 0.0421875 0.15625
1 0.0140625 0.435546875 0.0234375 0.041015625
2 0.2390625 0.4765625 0.0234375 0.052734375
