1 0.2125 0.455078125 0.05625 0.1796875
3 0.0 0.517578125 0.0984375 0.193359375
3 0.0625 0.4921875 0.140625 0.14453125
3 0.1578125 0.4765625 0.0625 0.11328125
3 0.2953125 0.44140625 0.0703125 0.076171875
3 0.3578125 0.44921875 0.0859375 0.087890625
3 0.55625 0.45703125 0.06875 0.087890625
3 0.584375 0.470703125 0.065625 0.1171875
3 0.61875 0.466796875 0.2796875 0.248046875
3 0.45 0.42578125 0.028125 0.029296875
1 0.49375 0.431640625 0.01875 0.044921875
3 0.240625 0.47265625 0.0671875 0.07421875
3 0.0 0.447265625 0.0484375 0.04296875
3 0.5296875 0.435546875 0.0671875 0.076171875
