3 0.6421875 0.396484375 0.0515625 0.103515625
3 0.396875 0.40234375 0.025 0.046875
3 0.309375 0.40234375 0.05 0.068359375
1 0.6203125 0.3984375 0.0296875 0.115234375
1 0.5921875 0.3984375 0.0296875 0.107421875
1 0.35625 0.38671875 0.0328125 0.091796875
3 0.153125 0.396484375 0.0703125 0.064453125
3 0.1984375 0.3984375 0.1203125 0.10546875
3 0.0125 0.375 0.121875 0.083984375
3 0.0421875 0.35546875 0.1078125 0.091796875
3 0.4203125 0.408203125 0.025 0.04296875
3 0.440625 0.40625 0.0234375 0.037109375
3 0.45 0.400390625 0.0265625 0.0390625
3 0.5765625 0.416015625 0.0234375 0.044921875
3 0.5703125 0.400390625 0.0296875 0.0546875
