3 0.0 0.443359375 0.1609375 0.119140625
1 0.19375 0.443359375 0.03125 0.05078125
3 0.1125 0.48828125 0.1796875 0.1484375
3 0.3125 0.44140625 0.075 0.08203125
3 0.584375 0.458984375 0.04375 0.056640625
3 0.640625 0.474609375 0.09375 0.087890625
3 0.690625 0.455078125 0.2171875 0.16796875
3 0.7453125 0.49609375 0.253125 0.26171875
3 0.9125 0.66796875 0.084375 0.224609375
3 0.575 0.453125 0.021875 0.04296875
3 0.559375 0.453125 0.0359375 0.0390625
3 0.5453125 0.443359375 0.0328125 0.03125
3 0.534375 0.4375 0.0234375 0.02734375
3 0.253125 0.435546875 0.0421875 0.056640625
3 0.4015625 0.42578125 0.0234375 0.03125
