1 0.7890625 0.349609375 0.103125 0.400390625
1 0.8796875 0.2734375 0.11875 0.72265625
1 0.6484375 0.423828125 0.0296875 0.087890625
1 0.6265625 0.42578125 0.0265625 0.08984375
1 0.1484375 0.458984375 0.025 0.06640625
1 0.1375 0.46484375 0.01875 0.05859375
3 0.4125 0.44921875 0.025 0.025390625
3 0.7046875 0.421875 0.040625 0.06640625
1 0.5453125 0.431640625 0.021875 0.05078125
1 0.5328125 0.427734375 0.0203125 0.052734375
1 0.365625 0.439453125 0.021875 0.05078125
1 0.1125 0.46875 0.025 0.03515625
