2 0.3671875 0.49609375 0.071875 0.1328125
2 0.3046875 0.533203125 0.05 0.0859375
2 0.575 0.52734375 0.0765625 0.1015625
2 0.6703125 0.51953125 0.090625 0.115234375
1 0.6265625 0.39453125 0.0796875 0.216796875
1 0.3296875 0.404296875 0.0703125 0.203125
3 0.5171875 0.439453125 0.0765625 0.08203125
3 0.2890625 0.443359375 0.0484375 0.06640625
3 0.19375 0.447265625 0.121875 0.09765625
3 0.1296875 0.439453125 0.0828125 0.087890625
3 0.0015625 0.44140625 0.0765625 0.12109375
3 0.5 0.458984375 0.0234375 0.05078125
3 0.484375 0.455078125 0.025 0.04296875
