1 0.1546875 0.466796875 0.0328125 0.109375
3 0.05 0.45703125 0.1015625 0.06640625
3 0.490625 0.423828125 0.0296875 0.03125
3 0.5765625 0.4453125 0.05625 0.056640625
3 0.5828125 0.458984375 0.0796875 0.06640625
3 0.6625 0.47265625 0.2328125 0.201171875
3 0.7625 0.580078125 0.2359375 0.41796875
3 0.153125 0.435546875 0.075 0.0703125
3 0.240625 0.43359375 0.046875 0.044921875
3 0.265625 0.44140625 0.090625 0.044921875
3 0.43125 0.4375 0.025 0.02734375
3 0.45 0.43359375 0.0203125 0.0234375
3 0.5546875 0.443359375 0.034375 0.05078125
