3 0.0046875 0.453125 0.1703125 0.115234375
3 0.1421875 0.455078125 0.0796875 0.091796875
3 0.2296875 0.453125 0.0765625 0.0625
3 0.28125 0.443359375 0.0453125 0.0625
3 0.321875 0.447265625 0.0421875 0.052734375
3 0.41875 0.453125 0.025 0.0234375
1 0.7484375 0.439453125 0.03125 0.09765625
1 0.596875 0.455078125 0.0234375 0.0703125
3 0.428125 0.443359375 0.021875 0.02734375
3 0.465625 0.453125 0.0171875 0.017578125
3 0.503125 0.453125 0.0140625 0.017578125
1 0.5171875 0.44140625 0.0125 0.03515625
1 0.5265625 0.443359375 0.0140625 0.03125
2 0.6 0.490234375 0.01875 0.041015625
3 0.346875 0.453125 0.0265625 0.037109375
