3 0.721875 0.5390625 0.275 0.453125
3 0.8375 0.443359375 0.128125 0.091796875
3 0.5703125 0.453125 0.1203125 0.119140625
3 0.43125 0.4453125 0.0484375 0.0390625
3 0.20625 0.4921875 0.08125 0.068359375
3 0.228125 0.46484375 0.0921875 0.0703125
3 0.0015625 0.49609375 0.184375 0.1484375
1 0.1765625 0.46875 0.05 0.123046875
3 0.3015625 0.474609375 0.0328125 0.046875
3 0.3234375 0.466796875 0.0359375 0.046875
2 0.19375 0.53125 0.028125 0.064453125
3 0.365625 0.439453125 0.0375 0.03125
3 0.73125 0.439453125 0.021875 0.07421875
3 0.5625 0.439453125 0.0953125 0.095703125
