1 0.678125 0.427734375 0.028125 0.060546875
1 0.65625 0.42578125 0.025 0.0625
1 0.634375 0.435546875 0.025 0.046875
1 0.178125 0.447265625 0.0203125 0.060546875
1 0.159375 0.4453125 0.01875 0.06640625
3 0.278125 0.44921875 0.0515625 0.046875
3 0.2140625 0.4375 0.0484375 0.064453125
3 0.29375 0.470703125 0.1171875 0.076171875
3 0.5046875 0.455078125 0.0359375 0.05078125
3 0.8296875 0.46875 0.1671875 0.0625
1 0.575 0.427734375 0.01875 0.03125
3 0.40625 0.45703125 0.0375 0.0390625
3 0.3921875 0.453125 0.0328125 0.03515625
3 0.3703125 0.443359375 0.021875 0.029296875
3 0.5421875 0.453125 0.0671875 0.025390625
