3 0.5234375 0.435546875 0.115625 0.099609375
3 0.4984375 0.40625 0.0828125 0.103515625
3 0.475 0.41796875 0.034375 0.064453125
3 0.45625 0.439453125 0.028125 0.03515625
3 0.4484375 0.423828125 0.03125 0.03515625
3 0.3640625 0.4375 0.0234375 0.0234375
3 0.346875 0.4375 0.0203125 0.03125
3 0.2296875 0.37890625 0.115625 0.140625
3 0.21875 0.41015625 0.0140625 0.03515625
3 0.2 0.3984375 0.021875 0.046875
3 0.16875 0.400390625 0.0328125 0.046875
3 0.1515625 0.40234375 0.0203125 0.04296875
3 0.1265625 0.400390625 0.025 0.044921875
3 0.1015625 0.396484375 0.021875 0.041015625
3 0.0796875 0.396484375 0.0203125 0.046875
3 0.059375 0.392578125 0.01875 0.05859375
3 0.0015625 0.392578125 0.0609375 0.056640625
