3 0.0015625 0.431640625 0.171875 0.208984375
3 0.15625 0.458984375 0.1046875 0.130859375
3 0.2125 0.44140625 0.0828125 0.11328125
3 0.29375 0.4609375 0.0734375 0.0625
3 0.328125 0.43359375 0.0515625 0.052734375
3 0.4453125 0.4453125 0.0625 0.05859375
3 0.5921875 0.44140625 0.059375 0.08203125
3 0.803125 0.431640625 0.1421875 0.125
3 0.8953125 0.486328125 0.065625 0.09765625
1 0.36875 0.44140625 0.025 0.072265625
1 0.390625 0.431640625 0.021875 0.076171875
1 0.5421875 0.43359375 0.03125 0.091796875
1 0.5734375 0.44921875 0.0359375 0.103515625
3 0.6296875 0.4375 0.1859375 0.181640625
3 0.503125 0.45703125 0.021875 0.0234375
3 0.5234375 0.458984375 0.028125 0.025390625
3 0.4125 0.44921875 0.0265625 0.04296875
