1 0.734375 0.421875 0.0359375 0.08984375
1 0.7015625 0.421875 0.021875 0.078125
1 0.61875 0.427734375 0.0625 0.16015625
1 0.49375 0.416015625 0.0859375 0.201171875
1 0.26875 0.412109375 0.0578125 0.12890625
1 0.0828125 0.36328125 0.1515625 0.421875
1 0.3671875 0.5 0.1515625 0.263671875
2 0.5890625 0.509765625 0.1234375 0.08203125
2 0.4734375 0.5390625 0.159375 0.09765625
3 0.5421875 0.4453125 0.0671875 0.064453125
3 0.2125 0.4375 0.078125 0.056640625
1 0.9703125 0.423828125 0.025 0.05078125
1 0.8375 0.423828125 0.0296875 0.033203125
1 0.0171875 0.40625 0.0234375 0.04296875
1 0.0671875 0.421875 0.0203125 0.03125
1 0.0515625 0.421875 0.0234375 0.029296875
