1 0.8640625 0.3984375 0.0484375 0.1875
1 0.8078125 0.392578125 0.0578125 0.208984375
1 0.7421875 0.408203125 0.0421875 0.1484375
1 0.696875 0.41796875 0.0453125 0.13671875
1 0.6078125 0.431640625 0.0234375 0.068359375
1 0.584375 0.43359375 0.0203125 0.07421875
3 0.41875 0.44140625 0.046875 0.056640625
3 0.0 0.458984375 0.2234375 0.1953125
3 0.9078125 0.431640625 0.0875 0.11328125
3 0.896875 0.373046875 0.1015625 0.1015625
1 0.1546875 0.458984375 0.01875 0.041015625
1 0.640625 0.4296875 0.0125 0.044921875
1 0.65 0.42578125 0.0140625 0.046875
1 0.56875 0.435546875 0.0140625 0.048828125
