3 0.5640625 0.427734375 0.171875 0.15625
1 0.4875 0.44140625 0.04375 0.138671875
3 0.5171875 0.455078125 0.059375 0.076171875
3 0.0 0.466796875 0.15 0.15625
3 0.0953125 0.474609375 0.0796875 0.080078125
3 0.15 0.458984375 0.078125 0.08984375
3 0.2265625 0.46484375 0.025 0.0703125
3 0.3109375 0.47265625 0.0140625 0.041015625
3 0.46875 0.470703125 0.0203125 0.0390625
3 0.4546875 0.46875 0.01875 0.02734375
3 0.4421875 0.47265625 0.01875 0.0234375
3 0.4296875 0.474609375 0.0140625 0.01953125
3 0.3875 0.4765625 0.0171875 0.015625
3 0.3703125 0.47265625 0.01875 0.0234375
3 0.3484375 0.470703125 0.021875 0.029296875
3 0.3265625 0.46875 0.025 0.037109375
3 0.2734375 0.4765625 0.046875 0.0390625
