3 0.0 0.453125 0.11875 0.12109375
3 0.3625 0.44921875 0.0453125 0.03515625
3 0.38125 0.447265625 0.034375 0.03515625
1 0.6390625 0.447265625 0.0359375 0.125
1 0.0796875 0.44140625 0.0296875 0.0390625
3 0.4796875 0.453125 0.0203125 0.02734375
3 0.45 0.455078125 0.025 0.0234375
3 0.5015625 0.458984375 0.01875 0.01953125
1 0.528125 0.44140625 0.0125 0.041015625
1 0.5484375 0.4453125 0.015625 0.037109375
1 0.575 0.455078125 0.0125 0.029296875
2 0.6484375 0.5 0.01875 0.078125
1 0.6015625 0.44140625 0.0296875 0.05859375
