3 0.4421875 0.439453125 0.1 0.09765625
3 0.39375 0.4375 0.0234375 0.03125
3 0.325 0.447265625 0.0609375 0.044921875
2 0.871875 0.453125 0.0546875 0.107421875
1 0.5671875 0.4296875 0.0125 0.04296875
1 0.409375 0.423828125 0.0359375 0.087890625
1 0.2390625 0.43359375 0.0296875 0.06640625
1 0.2640625 0.44140625 0.0234375 0.0546875
1 0.60625 0.423828125 0.021875 0.0546875
1 0.675 0.42578125 0.0203125 0.068359375
1 0.6953125 0.42578125 0.021875 0.05078125
2 0.284375 0.46484375 0.040625 0.0390625
2 0.8078125 0.443359375 0.0484375 0.109375
1 0.2921875 0.43359375 0.0203125 0.0703125
1 0.909375 0.40625 0.01875 0.076171875
1 0.203125 0.4375 0.01875 0.046875
2 0.6734375 0.466796875 0.0265625 0.060546875
1 0.921875 0.408203125 0.0203125 0.078125
