1 0.7828125 0.45703125 0.028125 0.064453125
1 0.8171875 0.466796875 0.028125 0.056640625
1 0.9125 0.478515625 0.0234375 0.03125
1 0.834375 0.484375 0.1078125 0.318359375
3 0.39375 0.482421875 0.296875 0.302734375
3 0.365625 0.46484375 0.053125 0.05859375
1 0.071875 0.46875 0.0328125 0.056640625
1 0.2515625 0.47265625 0.01875 0.05859375
3 0.4203125 0.453125 0.121875 0.08984375
1 0.2640625 0.46875 0.015625 0.0625
1 0.3171875 0.466796875 0.0140625 0.0234375
2 0.846875 0.646484375 0.0953125 0.16796875
