3 0.0 0.455078125 0.1765625 0.177734375
3 0.11875 0.435546875 0.1375 0.14453125
3 0.246875 0.44921875 0.08125 0.09375
3 0.3578125 0.4453125 0.0421875 0.037109375
3 0.51875 0.44921875 0.05 0.05078125
3 0.6265625 0.45703125 0.109375 0.11328125
3 0.6953125 0.4765625 0.2234375 0.197265625
2 0.8875 0.5078125 0.1109375 0.09765625
1 0.915625 0.427734375 0.0296875 0.099609375
1 0.48125 0.44921875 0.0203125 0.052734375
1 0.4515625 0.447265625 0.021875 0.046875
3 0.91875 0.625 0.0796875 0.255859375
3 0.5078125 0.443359375 0.0265625 0.04296875
