1 0.6625 0.4140625 0.040625 0.11328125
1 0.703125 0.408203125 0.0421875 0.12109375
3 0.7828125 0.4296875 0.0515625 0.07421875
3 0.8546875 0.376953125 0.140625 0.140625
3 0.9015625 0.427734375 0.0953125 0.125
3 0.325 0.453125 0.075 0.07421875
1 0.0390625 0.45703125 0.0203125 0.029296875
1 0.0515625 0.453125 0.0234375 0.033203125
1 0.5921875 0.4296875 0.025 0.0625
1 0.621875 0.421875 0.0203125 0.056640625
3 0.4 0.447265625 0.025 0.029296875
3 0.4421875 0.4453125 0.0421875 0.03125
1 0.115625 0.47265625 0.021875 0.033203125
3 0.6375 0.431640625 0.0203125 0.029296875
