3 0.2171875 0.4375 0.109375 0.091796875
3 0.5265625 0.4140625 0.1296875 0.119140625
3 0.0640625 0.451171875 0.1125 0.087890625
3 0.053125 0.435546875 0.040625 0.03125
3 0.1625 0.453125 0.0546875 0.072265625
3 0.2015625 0.443359375 0.0421875 0.037109375
3 0.4890625 0.4296875 0.0578125 0.068359375
3 0.4734375 0.44921875 0.021875 0.037109375
3 0.4578125 0.447265625 0.021875 0.03125
3 0.4453125 0.447265625 0.021875 0.0234375
3 0.425 0.447265625 0.01875 0.0234375
3 0.3828125 0.447265625 0.021875 0.0234375
3 0.365625 0.447265625 0.021875 0.02734375
3 0.3484375 0.4453125 0.0203125 0.029296875
3 0.328125 0.4453125 0.021875 0.037109375
3 0.0015625 0.45703125 0.034375 0.0390625
