3 0.9015625 0.509765625 0.096875 0.22265625
3 0.6875 0.4140625 0.2140625 0.23046875
3 0.903125 0.48046875 0.0953125 0.029296875
2 0.66875 0.541015625 0.01875 0.0546875
3 0.584375 0.447265625 0.103125 0.1015625
3 0.56875 0.453125 0.028125 0.083984375
3 0.55 0.453125 0.0234375 0.078125
3 0.5125 0.46875 0.03125 0.033203125
3 0.3921875 0.44921875 0.13125 0.130859375
3 0.390625 0.474609375 0.0203125 0.017578125
3 0.3734375 0.470703125 0.01875 0.03515625
3 0.359375 0.470703125 0.0203125 0.03515625
3 0.325 0.462890625 0.040625 0.044921875
1 0.278125 0.45703125 0.015625 0.04296875
3 0.1828125 0.4609375 0.06875 0.068359375
3 0.0734375 0.412109375 0.109375 0.1328125
3 0.0015625 0.4296875 0.0734375 0.13671875
