3 0.7 0.396484375 0.2984375 0.28515625
1 0.65625 0.4296875 0.0203125 0.0703125
1 0.6375 0.443359375 0.01875 0.044921875
1 0.590625 0.431640625 0.0203125 0.060546875
3 0.5421875 0.443359375 0.046875 0.056640625
3 0.521875 0.443359375 0.021875 0.04296875
3 0.459375 0.435546875 0.0203125 0.0234375
3 0.4265625 0.43359375 0.01875 0.029296875
3 0.4390625 0.443359375 0.0265625 0.03515625
3 0.38125 0.44921875 0.034375 0.041015625
3 0.35 0.44921875 0.03125 0.0546875
3 0.2828125 0.44140625 0.0671875 0.08203125
1 0.159375 0.4375 0.01875 0.07421875
