1 0.921875 0.421875 0.0484375 0.0859375
1 0.8453125 0.42578125 0.065625 0.228515625
3 0.725 0.423828125 0.125 0.134765625
1 0.634375 0.4296875 0.025 0.12890625
3 0.6875 0.4609375 0.0234375 0.02734375
3 0.6640625 0.45703125 0.021875 0.029296875
3 0.603125 0.462890625 0.028125 0.0234375
3 0.459375 0.4609375 0.03125 0.03515625
3 0.4203125 0.462890625 0.0453125 0.05078125
1 0.365625 0.447265625 0.0203125 0.064453125
3 0.3296875 0.455078125 0.0296875 0.037109375
1 0.259375 0.462890625 0.0234375 0.068359375
1 0.228125 0.439453125 0.021875 0.08203125
3 0.1921875 0.447265625 0.0328125 0.029296875
3 0.11875 0.44140625 0.05625 0.0390625
3 0.028125 0.435546875 0.1125 0.1015625
3 0.003125 0.439453125 0.034375 0.04296875
