3 0.8453125 0.40625 0.0375 0.03125
3 0.7828125 0.423828125 0.1 0.046875
1 0.7203125 0.408203125 0.03125 0.11328125
3 0.71875 0.4140625 0.0234375 0.04296875
3 0.6921875 0.4140625 0.028125 0.041015625
3 0.6421875 0.4140625 0.034375 0.0546875
1 0.60625 0.4296875 0.021875 0.087890625
1 0.6390625 0.423828125 0.025 0.07421875
3 0.5828125 0.4140625 0.053125 0.015625
3 0.5078125 0.435546875 0.021875 0.0390625
3 0.4765625 0.4375 0.0234375 0.037109375
3 0.3296875 0.443359375 0.025 0.03125
3 0.3140625 0.4453125 0.01875 0.0234375
3 0.2875 0.4375 0.0265625 0.033203125
3 0.253125 0.423828125 0.0359375 0.0234375
3 0.259375 0.439453125 0.025 0.03515625
3 0.20625 0.443359375 0.0578125 0.068359375
3 0.071875 0.408203125 0.15 0.16796875
3 0.0 0.38671875 0.109375 0.369140625
