3 0.846875 0.439453125 0.0953125 0.083984375
3 0.9546875 0.42578125 0.04375 0.091796875
3 0.8515625 0.421875 0.0859375 0.056640625
1 0.8328125 0.435546875 0.0109375 0.083984375
1 0.8125 0.4375 0.021875 0.08984375
3 0.775 0.458984375 0.0359375 0.056640625
1 0.740625 0.447265625 0.021875 0.06640625
1 0.71875 0.439453125 0.021875 0.07421875
1 0.696875 0.4375 0.021875 0.076171875
3 0.584375 0.455078125 0.065625 0.060546875
3 0.5453125 0.455078125 0.034375 0.0390625
1 0.5265625 0.455078125 0.009375 0.029296875
3 0.44375 0.44921875 0.03125 0.037109375
3 0.4171875 0.44921875 0.028125 0.03125
3 0.365625 0.44140625 0.046875 0.0546875
3 0.184375 0.42578125 0.1 0.099609375
1 0.15 0.447265625 0.01875 0.046875
1 0.1328125 0.447265625 0.01875 0.044921875
1 0.084375 0.45703125 0.015625 0.05078125
3 0.0984375 0.4453125 0.0203125 0.05078125
3 0.0 0.44140625 0.06875 0.095703125
