3 0.0 0.408203125 0.1546875 0.150390625
3 0.0828125 0.412109375 0.1515625 0.125
3 0.175 0.427734375 0.0921875 0.0859375
3 0.265625 0.43359375 0.11875 0.0625
3 0.434375 0.43359375 0.05 0.0390625
3 0.4984375 0.4375 0.0390625 0.037109375
3 0.659375 0.427734375 0.05 0.07421875
3 0.684375 0.423828125 0.078125 0.107421875
3 0.75 0.4140625 0.16875 0.126953125
3 0.7734375 0.43359375 0.1515625 0.123046875
3 0.915625 0.32421875 0.08125 0.296875
3 0.5359375 0.4453125 0.0234375 0.025390625
3 0.5328125 0.431640625 0.04375 0.037109375
3 0.653125 0.3984375 0.14375 0.103515625
