3 0.575 0.423828125 0.0828125 0.083984375
3 0.546875 0.4140625 0.0359375 0.072265625
3 0.53125 0.42578125 0.021875 0.0546875
3 0.5171875 0.427734375 0.021875 0.041015625
3 0.5015625 0.4296875 0.01875 0.03125
3 0.4859375 0.43359375 0.01875 0.017578125
3 0.45 0.431640625 0.025 0.046875
1 0.4203125 0.40234375 0.03125 0.150390625
2 0.45625 0.48046875 0.040625 0.064453125
2 0.375 0.48046875 0.046875 0.0625
3 0.31875 0.423828125 0.0515625 0.07421875
3 0.228125 0.42578125 0.1 0.091796875
3 0.4 0.40625 0.025 0.056640625
