1 0.621875 0.369140625 0.04375 0.173828125
2 0.621875 0.4921875 0.0375 0.09765625
3 0.4984375 0.42578125 0.0375 0.037109375
3 0.49375 0.427734375 0.015625 0.01953125
3 0.490625 0.416015625 0.0109375 0.01953125
3 0.446875 0.416015625 0.0109375 0.015625
3 0.43125 0.421875 0.0125 0.01953125
3 0.4125 0.4296875 0.0125 0.01953125
3 0.4 0.427734375 0.0140625 0.0234375
3 0.38125 0.423828125 0.0203125 0.03125
3 0.3515625 0.427734375 0.0296875 0.03515625
3 0.309375 0.421875 0.040625 0.05078125
3 0.2328125 0.40234375 0.08125 0.0859375
2 0.0 0.435546875 0.0421875 0.072265625
