3 0.7984375 0.421875 0.0375 0.078125
3 0.853125 0.380859375 0.1453125 0.14453125
3 0.9 0.427734375 0.0984375 0.123046875
1 0.6296875 0.42578125 0.0203125 0.06640625
1 0.6703125 0.392578125 0.0453125 0.166015625
1 0.7203125 0.3984375 0.0359375 0.158203125
1 0.7484375 0.40234375 0.03125 0.166015625
1 0.76875 0.3828125 0.040625 0.1796875
1 0.2921875 0.45703125 0.0265625 0.05078125
1 0.265625 0.458984375 0.025 0.05078125
1 0.115625 0.46875 0.021875 0.037109375
1 0.096875 0.46875 0.03125 0.056640625
1 0.6046875 0.427734375 0.025 0.068359375
1 0.59375 0.435546875 0.0234375 0.060546875
1 0.540625 0.431640625 0.0203125 0.04296875
1 0.5578125 0.43359375 0.0296875 0.0546875
