18 0.71875 0.501953125 0.053125 0.0546875
18 0.83125 0.51171875 0.040625 0.04296875
1 0.8828125 0.427734375 0.0484375 0.12109375
1 0.6875 0.41796875 0.0359375 0.12890625
1 0.3171875 0.396484375 0.03125 0.068359375
1 0.24375 0.396484375 0.025 0.087890625
1 0.1984375 0.400390625 0.028125 0.076171875
1 0.18125 0.404296875 0.028125 0.076171875
3 0.071875 0.421875 0.0921875 0.08203125
3 0.4234375 0.41796875 0.0796875 0.091796875
3 0.4125 0.408203125 0.0625 0.083984375
3 0.14375 0.41015625 0.0484375 0.064453125
3 0.046875 0.400390625 0.0484375 0.060546875
3 0.0 0.404296875 0.053125 0.0625
