1 0.578125 0.453125 0.046875 0.044921875
1 0.7265625 0.44140625 0.0234375 0.037109375
3 0.671875 0.46484375 0.0984375 0.126953125
3 0.721875 0.46875 0.184375 0.1875
3 0.5140625 0.4375 0.0265625 0.03125
3 0.6328125 0.455078125 0.071875 0.083984375
3 0.0 0.447265625 0.1265625 0.21875
3 0.11875 0.427734375 0.1765625 0.16015625
3 0.2828125 0.453125 0.065625 0.099609375
3 0.290625 0.4296875 0.090625 0.09765625
3 0.4265625 0.44140625 0.04375 0.041015625
3 0.4625 0.4375 0.0234375 0.037109375
3 0.8921875 0.484375 0.10625 0.076171875
3 0.825 0.45703125 0.09375 0.046875
1 0.49375 0.4375 0.0140625 0.03515625
