1 0.7171875 0.40625 0.06875 0.23828125
1 0.63125 0.427734375 0.034375 0.130859375
1 0.2890625 0.41796875 0.028125 0.033203125
3 0.809375 0.494140625 0.1859375 0.2421875
3 0.8296875 0.427734375 0.16875 0.130859375
3 0.2015625 0.447265625 0.1328125 0.107421875
3 0.3203125 0.447265625 0.06875 0.0859375
3 0.3796875 0.435546875 0.0484375 0.072265625
3 0.4203125 0.431640625 0.034375 0.05859375
3 0.4515625 0.431640625 0.0421875 0.046875
3 0.6734375 0.44140625 0.0484375 0.044921875
3 0.7890625 0.43359375 0.0734375 0.095703125
3 0.4796875 0.435546875 0.025 0.029296875
3 0.48125 0.42578125 0.028125 0.03125
3 0.58125 0.43359375 0.028125 0.029296875
1 0.6515625 0.427734375 0.0234375 0.078125
