3 0.2640625 0.4140625 0.1453125 0.138671875
3 0.2125 0.42578125 0.0796875 0.09765625
1 0.64375 0.431640625 0.0171875 0.05078125
1 0.6953125 0.443359375 0.0234375 0.048828125
1 0.7171875 0.443359375 0.0109375 0.0234375
1 0.7265625 0.443359375 0.0140625 0.0234375
3 0.4078125 0.4453125 0.0375 0.03515625
1 0.6125 0.43359375 0.01875 0.044921875
3 0.4484375 0.447265625 0.015625 0.01953125
1 0.0375 0.408203125 0.0234375 0.0390625
1 0.81875 0.41796875 0.021875 0.052734375
1 0.9046875 0.423828125 0.01875 0.078125
