3 0.9140625 0.484375 0.084375 0.12890625
3 0.0625 0.3671875 0.065625 0.06640625
3 0.14375 0.384765625 0.0703125 0.06640625
3 0.303125 0.39453125 0.040625 0.060546875
3 0.384375 0.392578125 0.0328125 0.052734375
3 0.409375 0.392578125 0.0328125 0.0390625
1 0.65 0.3828125 0.034375 0.12890625
1 0.6203125 0.38671875 0.0328125 0.119140625
1 0.3375 0.37109375 0.0296875 0.099609375
3 0.5875 0.390625 0.0375 0.07421875
3 0.5765625 0.400390625 0.028125 0.052734375
3 0.3546875 0.39453125 0.0328125 0.068359375
3 0.1765625 0.380859375 0.134375 0.115234375
3 0.00625 0.36328125 0.0796875 0.08984375
3 0.4375 0.39453125 0.021875 0.0390625
3 0.45 0.38671875 0.0265625 0.0390625
