2 0.546875 0.462890625 0.078125 0.046875
3 0.540625 0.431640625 0.0609375 0.0625
3 0.4515625 0.435546875 0.08125 0.1015625
3 0.4125 0.423828125 0.03125 0.03125
1 0.15 0.42578125 0.0265625 0.08203125
1 0.234375 0.4765625 0.08125 0.3203125
1 0.353125 0.427734375 0.01875 0.0390625
1 0.6515625 0.427734375 0.0203125 0.046875
1 0.7546875 0.431640625 0.025 0.03515625
1 0.809375 0.44921875 0.025 0.02734375
1 0.8515625 0.427734375 0.0203125 0.052734375
1 0.85625 0.4296875 0.0421875 0.115234375
1 0.9796875 0.431640625 0.01875 0.103515625
3 0.4984375 0.4140625 0.0296875 0.033203125
