1 0.921875 0.35546875 0.025 0.134765625
1 0.8875 0.36328125 0.0375 0.14453125
1 0.871875 0.34765625 0.015625 0.017578125
1 0.86875 0.369140625 0.0171875 0.0390625
1 0.8515625 0.34765625 0.01875 0.03125
1 0.840625 0.3359375 0.0125 0.025390625
1 0.834375 0.353515625 0.0125 0.02734375
1 0.8265625 0.33203125 0.0140625 0.021484375
1 0.8265625 0.3828125 0.046875 0.1796875
1 0.8140625 0.34765625 0.021875 0.1171875
1 0.80625 0.3359375 0.009375 0.02734375
1 0.8015625 0.337890625 0.0109375 0.025390625
1 0.7921875 0.33203125 0.009375 0.03515625
1 0.7734375 0.361328125 0.021875 0.103515625
1 0.7453125 0.361328125 0.025 0.09765625
1 0.7203125 0.3515625 0.015625 0.01953125
1 0.7265625 0.3671875 0.0125 0.021484375
1 0.71875 0.390625 0.021875 0.1015625
1 0.70625 0.3515625 0.0125 0.04296875
1 0.69375 0.35546875 0.0109375 0.0234375
1 0.6515625 0.345703125 0.015625 0.046875
1 0.640625 0.345703125 0.0125 0.044921875
1 0.615625 0.345703125 0.0203125 0.064453125
1 0.6 0.349609375 0.0125 0.037109375
1 0.6171875 0.359375 0.01875 0.037109375
1 0.5859375 0.353515625 0.015625 0.02734375
1 0.56875 0.35546875 0.01875 0.03125
1 0.5515625 0.36328125 0.01875 0.02734375
3 0.5046875 0.380859375 0.090625 0.09765625
3 0.4921875 0.361328125 0.0578125 0.068359375
3 0.459375 0.3515625 0.0265625 0.04296875
3 0.415625 0.345703125 0.0484375 0.033203125
3 0.4 0.37890625 0.065625 0.056640625
3 0.475 0.36328125 0.025 0.044921875
3 0.3828125 0.365234375 0.0203125 0.03125
3 0.3671875 0.365234375 0.025 0.05078125
3 0.33125 0.365234375 0.0453125 0.064453125
1 0.26875 0.359375 0.0171875 0.01953125
3 0.2484375 0.369140625 0.1 0.09765625
3 0.20625 0.380859375 0.04375 0.08203125
1 0.18125 0.375 0.0296875 0.1015625
1 0.08125 0.373046875 0.021875 0.07421875
1 0.0484375 0.376953125 0.01875 0.0859375
1 0.9453125 0.36328125 0.0390625 0.107421875
