1 0.409375 0.435546875 0.0296875 0.107421875
1 0.378125 0.43359375 0.034375 0.119140625
1 0.33125 0.423828125 0.0328125 0.09765625
1 0.2921875 0.4140625 0.0359375 0.107421875
1 0.196875 0.40625 0.025 0.1015625
1 0.221875 0.4140625 0.021875 0.09375
1 0.0 0.412109375 0.03125 0.279296875
3 0.5484375 0.447265625 0.059375 0.068359375
1 0.5171875 0.431640625 0.040625 0.138671875
3 0.428125 0.4375 0.046875 0.060546875
3 0.1734375 0.42578125 0.028125 0.056640625
3 0.74375 0.43359375 0.0671875 0.044921875
1 0.2734375 0.40625 0.0234375 0.099609375
1 0.25 0.408203125 0.021875 0.099609375
3 0.609375 0.4453125 0.053125 0.03515625
