3 0.0 0.51953125 0.159375 0.1484375
3 0.109375 0.525390625 0.096875 0.1015625
3 0.2046875 0.5234375 0.0953125 0.078125
3 0.5375 0.525390625 0.0984375 0.095703125
3 0.5640625 0.548828125 0.153125 0.13671875
3 0.3296875 0.529296875 0.0546875 0.05078125
3 0.3875 0.533203125 0.0359375 0.03515625
1 0.4375 0.52734375 0.01875 0.041015625
1 0.4515625 0.52734375 0.0203125 0.041015625
1 0.465625 0.529296875 0.0203125 0.037109375
3 0.4828125 0.541015625 0.021875 0.02734375
3 0.284375 0.52734375 0.046875 0.0625
3 0.1734375 0.515625 0.05625 0.04296875
3 0.5265625 0.521484375 0.0515625 0.06640625
1 0.509375 0.533203125 0.0109375 0.044921875
