1 0.1734375 0.48828125 0.0625 0.15234375
1 0.334375 0.48828125 0.09375 0.248046875
2 0.3671875 0.623046875 0.0453125 0.125
2 0.190625 0.55859375 0.0328125 0.09765625
3 0.0828125 0.470703125 0.125 0.16015625
3 0.2046875 0.45703125 0.096875 0.126953125
3 0.29375 0.453125 0.0421875 0.09375
3 0.30625 0.431640625 0.0609375 0.099609375
3 0.409375 0.435546875 0.046875 0.03515625
3 0.5515625 0.43359375 0.0375 0.04296875
3 0.5828125 0.466796875 0.065625 0.064453125
3 0.6234375 0.466796875 0.096875 0.10546875
3 0.6484375 0.501953125 0.165625 0.126953125
3 0.7484375 0.51953125 0.25 0.234375
3 0.6890625 0.416015625 0.096875 0.037109375
3 0.6625 0.41796875 0.03125 0.044921875
3 0.3640625 0.44140625 0.040625 0.068359375
3 0.4515625 0.43359375 0.021875 0.029296875
3 0.45625 0.427734375 0.0265625 0.033203125
3 0.515625 0.42578125 0.0234375 0.025390625
3 0.815625 0.4375 0.0421875 0.0234375
