3 0.815625 0.490234375 0.1828125 0.384765625
3 0.65 0.4453125 0.08125 0.076171875
3 0.7515625 0.458984375 0.0671875 0.06640625
1 0.71875 0.43359375 0.0375 0.126953125
3 0.6078125 0.4453125 0.0296875 0.056640625
3 0.5296875 0.453125 0.06875 0.06640625
3 0.496875 0.443359375 0.0296875 0.03515625
3 0.409375 0.44140625 0.0765625 0.0625
1 0.3703125 0.431640625 0.0234375 0.0546875
3 0.3375 0.43359375 0.04375 0.05859375
3 0.3328125 0.44921875 0.0296875 0.052734375
3 0.253125 0.44140625 0.075 0.07421875
