3 0.8796875 0.44140625 0.11875 0.26953125
3 0.65 0.44921875 0.2125 0.166015625
3 0.565625 0.4375 0.1203125 0.111328125
3 0.5453125 0.4296875 0.0859375 0.099609375
3 0.5171875 0.453125 0.034375 0.056640625
3 0.0 0.478515625 0.0421875 0.119140625
3 0.034375 0.46484375 0.0890625 0.107421875
3 0.1203125 0.458984375 0.028125 0.08984375
3 0.0640625 0.439453125 0.0890625 0.0234375
3 0.4703125 0.4453125 0.0375 0.041015625
2 0.259375 0.48046875 0.01875 0.0390625
3 0.4515625 0.453125 0.021875 0.02734375
3 0.4375 0.453125 0.021875 0.0234375
3 0.384375 0.453125 0.021875 0.025390625
3 0.3703125 0.453125 0.021875 0.025390625
3 0.35625 0.453125 0.01875 0.02734375
3 0.3140625 0.4453125 0.0421875 0.041015625
1 0.2546875 0.4375 0.025 0.044921875
1 0.1484375 0.455078125 0.025 0.087890625
