1 0.678125 0.470703125 0.0453125 0.146484375
1 0.628125 0.45703125 0.034375 0.095703125
2 0.690625 0.552734375 0.025 0.087890625
1 0.9515625 0.4375 0.025 0.0546875
1 0.9671875 0.4609375 0.0234375 0.0546875
1 0.2203125 0.4375 0.0234375 0.0546875
1 0.0984375 0.443359375 0.0375 0.09765625
3 0.7734375 0.443359375 0.084375 0.068359375
3 0.871875 0.458984375 0.040625 0.0546875
3 0.7140625 0.47265625 0.0796875 0.095703125
3 0.5640625 0.453125 0.06875 0.052734375
3 0.478125 0.439453125 0.0609375 0.044921875
3 0.053125 0.439453125 0.059375 0.05078125
1 0.5390625 0.43359375 0.01875 0.041015625
1 0.36875 0.43359375 0.0140625 0.03125
1 0.3625 0.431640625 0.0109375 0.03515625
3 0.4421875 0.44140625 0.053125 0.03515625
3 0.4046875 0.44140625 0.0515625 0.02734375
3 0.309375 0.431640625 0.05 0.033203125
1 0.7390625 0.447265625 0.01875 0.03125
1 0.209375 0.4375 0.01875 0.056640625
1 0.9296875 0.44921875 0.0265625 0.056640625
