1 0.0828125 0.443359375 0.0421875 0.138671875
1 0.053125 0.427734375 0.046875 0.158203125
3 0.0015625 0.453125 0.0484375 0.06640625
3 0.1203125 0.455078125 0.05625 0.046875
3 0.4375 0.447265625 0.0328125 0.0390625
1 0.646875 0.44140625 0.0234375 0.046875
1 0.8828125 0.453125 0.0328125 0.0625
1 0.928125 0.4453125 0.0421875 0.05078125
2 0.790625 0.462890625 0.0453125 0.1015625
3 0.215625 0.453125 0.05 0.0390625
3 0.2921875 0.4140625 0.15 0.140625
3 0.496875 0.4375 0.040625 0.05078125
3 0.4828125 0.44921875 0.0203125 0.02734375
