3 0.0015625 0.431640625 0.1375 0.23046875
3 0.1171875 0.44921875 0.103125 0.14453125
3 0.253125 0.431640625 0.10625 0.09765625
3 0.3453125 0.443359375 0.0375 0.064453125
3 0.38125 0.447265625 0.0375 0.044921875
3 0.39375 0.431640625 0.0421875 0.046875
3 0.621875 0.45703125 0.1578125 0.146484375
3 0.4890625 0.43359375 0.04375 0.041015625
1 0.5296875 0.435546875 0.021875 0.060546875
1 0.5453125 0.427734375 0.025 0.078125
1 0.4328125 0.431640625 0.01875 0.044921875
3 0.5734375 0.435546875 0.034375 0.056640625
3 0.5875 0.43359375 0.0734375 0.087890625
3 0.3515625 0.435546875 0.0421875 0.0625
3 0.784375 0.453125 0.06875 0.078125
3 0.875 0.447265625 0.0671875 0.115234375
3 0.703125 0.4296875 0.08125 0.03125
1 0.471875 0.4375 0.0140625 0.037109375
1 0.4640625 0.431640625 0.009375 0.044921875
1 0.45 0.4375 0.0125 0.046875
