3 0.8703125 0.462890625 0.128125 0.173828125
3 0.7140625 0.46484375 0.1546875 0.1484375
3 0.6921875 0.48828125 0.034375 0.056640625
3 0.63125 0.47265625 0.0421875 0.037109375
3 0.5953125 0.47265625 0.03125 0.03515625
3 0.5703125 0.47265625 0.0234375 0.03515625
3 0.5453125 0.47265625 0.0265625 0.037109375
1 0.425 0.458984375 0.01875 0.03515625
2 0.4265625 0.494140625 0.01875 0.03515625
1 0.3984375 0.462890625 0.01875 0.056640625
1 0.203125 0.458984375 0.0203125 0.072265625
3 0.9671875 0.51953125 0.03125 0.130859375
