2 0.7546875 0.51171875 0.075 0.1328125
2 0.653125 0.546875 0.0875 0.08984375
2 0.453125 0.49609375 0.059375 0.115234375
2 0.384375 0.52734375 0.053125 0.0703125
2 0.2296875 0.51953125 0.0328125 0.064453125
2 0.1578125 0.501953125 0.0234375 0.076171875
2 0.1828125 0.494140625 0.025 0.056640625
2 0.2671875 0.486328125 0.0265625 0.05859375
3 0.509375 0.4375 0.0828125 0.08203125
3 0.334375 0.453125 0.046875 0.041015625
3 0.0 0.443359375 0.084375 0.115234375
1 0.7203125 0.39453125 0.0734375 0.21875
1 0.41875 0.42578125 0.053125 0.16796875
1 0.2171875 0.423828125 0.046875 0.140625
1 0.1515625 0.423828125 0.0328125 0.119140625
1 0.2671875 0.41796875 0.028125 0.103515625
1 0.134375 0.45703125 0.0203125 0.056640625
3 0.378125 0.453125 0.0265625 0.033203125
3 0.496875 0.458984375 0.0234375 0.044921875
3 0.4875 0.453125 0.0296875 0.04296875
