3 0.0 0.533203125 0.078125 0.162109375
3 0.1421875 0.44140625 0.109375 0.056640625
3 0.234375 0.455078125 0.0859375 0.0859375
3 0.3125 0.443359375 0.0578125 0.052734375
3 0.6296875 0.435546875 0.075 0.060546875
3 0.4765625 0.41796875 0.0328125 0.03515625
3 0.7703125 0.44921875 0.0375 0.0703125
3 0.7953125 0.435546875 0.1734375 0.111328125
3 0.865625 0.455078125 0.13125 0.13671875
3 0.60625 0.431640625 0.0296875 0.0390625
3 0.4 0.416015625 0.021875 0.033203125
3 0.3828125 0.42578125 0.0265625 0.033203125
3 0.5796875 0.4296875 0.0203125 0.033203125
2 0.5125 0.462890625 0.0125 0.02734375
1 0.509375 0.4296875 0.015625 0.05078125
1 0.4296875 0.4140625 0.015625 0.0390625
