3 0.8890625 0.41796875 0.109375 0.087890625
3 0.8234375 0.41796875 0.146875 0.091796875
3 0.7390625 0.41796875 0.1484375 0.09765625
3 0.6921875 0.4296875 0.090625 0.068359375
1 0.575 0.44921875 0.01875 0.03515625
1 0.5625 0.4375 0.01875 0.046875
1 0.5484375 0.4453125 0.0125 0.041015625
3 0.5078125 0.43359375 0.0375 0.0390625
3 0.3953125 0.416015625 0.0171875 0.0234375
3 0.3953125 0.431640625 0.01875 0.02734375
3 0.3671875 0.4296875 0.0296875 0.03125
3 0.340625 0.43359375 0.0484375 0.05078125
3 0.3046875 0.439453125 0.034375 0.0390625
3 0.278125 0.439453125 0.028125 0.044921875
3 0.259375 0.44140625 0.0265625 0.046875
3 0.209375 0.431640625 0.0578125 0.0703125
3 0.1375 0.42578125 0.0796875 0.083984375
3 0.08125 0.43359375 0.06875 0.052734375
