3 0.653125 0.408203125 0.334375 0.259765625
3 0.41875 0.4375 0.059375 0.056640625
3 0.4421875 0.421875 0.0546875 0.068359375
3 0.3765625 0.427734375 0.021875 0.0625
1 0.3359375 0.392578125 0.0421875 0.1640625
2 0.5765625 0.458984375 0.0171875 0.037109375
2 0.5390625 0.455078125 0.01875 0.0390625
1 0.9421875 0.396484375 0.0359375 0.083984375
1 0.66875 0.431640625 0.0171875 0.048828125
1 0.25 0.423828125 0.01875 0.068359375
1 0.2421875 0.416015625 0.015625 0.072265625
3 0.4875 0.423828125 0.0359375 0.044921875
1 0.4015625 0.404296875 0.0234375 0.107421875
1 0.5734375 0.41796875 0.0203125 0.04296875
1 0.534375 0.416015625 0.025 0.041015625
1 0.2125 0.41015625 0.01875 0.03515625
