3 0.0 0.400390625 0.096875 0.21484375
3 0.0984375 0.421875 0.153125 0.154296875
3 0.2515625 0.443359375 0.0953125 0.08203125
3 0.528125 0.4453125 0.04375 0.083984375
3 0.553125 0.4140625 0.096875 0.1484375
3 0.6046875 0.392578125 0.2015625 0.23046875
3 0.703125 0.416015625 0.2953125 0.32421875
3 0.4515625 0.44140625 0.059375 0.056640625
3 0.3953125 0.439453125 0.0546875 0.05078125
3 0.515625 0.431640625 0.0625 0.083984375
3 0.3375 0.453125 0.021875 0.03515625
3 0.3546875 0.453125 0.01875 0.029296875
3 0.36875 0.453125 0.01875 0.025390625
