3 0.9078125 0.4609375 0.04375 0.09765625
3 0.3890625 0.453125 0.0625 0.072265625
3 0.371875 0.4375 0.0625 0.068359375
3 0.159375 0.435546875 0.0484375 0.0546875
3 0.121875 0.447265625 0.0671875 0.064453125
1 0.7125 0.470703125 0.0515625 0.08203125
1 0.6546875 0.455078125 0.034375 0.095703125
18 0.6453125 0.51171875 0.034375 0.033203125
1 0.2671875 0.421875 0.01875 0.044921875
1 0.2484375 0.427734375 0.01875 0.052734375
1 0.2125 0.431640625 0.0234375 0.0546875
3 0.9640625 0.4609375 0.034375 0.099609375
3 0.075 0.4296875 0.0296875 0.05078125
3 0.0296875 0.423828125 0.0546875 0.068359375
