3 0.7 0.390625 0.2984375 0.169921875
3 0.584375 0.373046875 0.04375 0.076171875
3 0.4640625 0.404296875 0.040625 0.046875
3 0.4484375 0.412109375 0.0234375 0.029296875
3 0.44375 0.40234375 0.015625 0.021484375
3 0.4390625 0.38671875 0.0171875 0.01953125
3 0.4171875 0.38671875 0.015625 0.01953125
3 0.4171875 0.40625 0.0171875 0.01953125
3 0.3734375 0.40625 0.0234375 0.03515625
3 0.35625 0.412109375 0.01875 0.037109375
3 0.296875 0.38671875 0.05625 0.052734375
1 0.2703125 0.3828125 0.025 0.109375
2 0.296875 0.447265625 0.0296875 0.052734375
2 0.2375 0.44921875 0.0375 0.048828125
