3 0.003125 0.490234375 0.165625 0.177734375
3 0.1171875 0.501953125 0.1265625 0.11328125
3 0.2390625 0.494140625 0.115625 0.0859375
3 0.3328125 0.49609375 0.0546875 0.068359375
3 0.65 0.517578125 0.209375 0.1796875
3 0.615625 0.490234375 0.1125 0.103515625
1 0.571875 0.5 0.01875 0.033203125
1 0.5421875 0.494140625 0.015625 0.041015625
1 0.5234375 0.490234375 0.0203125 0.04296875
3 0.3921875 0.494140625 0.059375 0.0546875
3 0.4328125 0.490234375 0.0265625 0.046875
3 0.453125 0.49609375 0.034375 0.0390625
3 0.484375 0.5 0.0203125 0.03125
3 0.553125 0.501953125 0.01875 0.025390625
3 0.603125 0.484375 0.059375 0.072265625
