1 0.8984375 0.423828125 0.0953125 0.447265625
1 0.9265625 0.48046875 0.0703125 0.435546875
1 0.3828125 0.43359375 0.0203125 0.0546875
3 0.7 0.439453125 0.23125 0.208984375
3 0.678125 0.458984375 0.08125 0.123046875
3 0.6421875 0.46875 0.05625 0.091796875
3 0.584375 0.45703125 0.05 0.05078125
3 0.5265625 0.443359375 0.03125 0.033203125
3 0.228125 0.4296875 0.1 0.056640625
3 0.0 0.421875 0.1265625 0.08203125
3 0.06875 0.4140625 0.09375 0.078125
3 0.1578125 0.43359375 0.053125 0.05859375
3 0.165625 0.41796875 0.0609375 0.05859375
3 0.5703125 0.4453125 0.0421875 0.05078125
3 0.615625 0.46875 0.05 0.068359375
3 0.4734375 0.44140625 0.021875 0.025390625
