3 0.64375 0.392578125 0.353125 0.275390625
3 0.55 0.46484375 0.0625 0.060546875
3 0.4515625 0.48046875 0.03125 0.037109375
3 0.4265625 0.494140625 0.021875 0.02734375
3 0.4078125 0.494140625 0.021875 0.02734375
3 0.3890625 0.484375 0.0234375 0.044921875
3 0.3625 0.474609375 0.03125 0.052734375
3 0.3390625 0.484375 0.0265625 0.041015625
3 0.275 0.470703125 0.0625 0.06640625
3 0.1546875 0.447265625 0.121875 0.115234375
1 0.1171875 0.45703125 0.021875 0.08984375
1 0.0 0.46484375 0.0234375 0.08203125
3 0.496875 0.494140625 0.0234375 0.02734375
