1 0.7671875 0.427734375 0.0265625 0.072265625
1 0.70625 0.423828125 0.0265625 0.076171875
1 0.2015625 0.40625 0.034375 0.078125
1 0.103125 0.421875 0.0625 0.13671875
1 0.128125 0.490234375 0.125 0.26171875
1 0.928125 0.427734375 0.0703125 0.19921875
2 0.909375 0.546875 0.065625 0.08984375
2 0.0796875 0.49609375 0.06875 0.083984375
3 0.5296875 0.455078125 0.0296875 0.041015625
3 0.521875 0.435546875 0.040625 0.05078125
3 0.5484375 0.453125 0.0625 0.064453125
3 0.2328125 0.435546875 0.0609375 0.0625
1 0.6765625 0.42578125 0.01875 0.068359375
1 0.0296875 0.408203125 0.025 0.0390625
1 0.053125 0.42578125 0.021875 0.02734375
1 0.06875 0.42578125 0.0203125 0.025390625
1 0.834375 0.423828125 0.03125 0.033203125
2 0.1484375 0.509765625 0.0546875 0.06640625
3 0.178125 0.44921875 0.0265625 0.037109375
1 0.165625 0.423828125 0.0203125 0.0546875
