2 0.146875 0.5 0.05 0.09375
2 0.7421875 0.494140625 0.06875 0.103515625
2 0.7953125 0.45703125 0.0546875 0.13671875
2 0.8640625 0.46484375 0.03125 0.08203125
1 0.0 0.404296875 0.025 0.099609375
2 0.0 0.505859375 0.0359375 0.04296875
2 0.546875 0.4375 0.0328125 0.06640625
3 0.3390625 0.42578125 0.1140625 0.052734375
1 0.44375 0.42578125 0.01875 0.056640625
2 0.8953125 0.470703125 0.103125 0.09765625
2 0.6078125 0.458984375 0.03125 0.048828125
2 0.671875 0.453125 0.0234375 0.029296875
1 0.6515625 0.42578125 0.0109375 0.025390625
1 0.6390625 0.42578125 0.0078125 0.01953125
1 0.2234375 0.427734375 0.009375 0.025390625
2 0.90625 0.5546875 0.05 0.080078125
1 0.146875 0.361328125 0.0578125 0.13671875
2 0.2421875 0.45703125 0.0125 0.03515625
2 0.221875 0.455078125 0.0125 0.037109375
2 0.209375 0.455078125 0.015625 0.03515625
