2 0.221875 0.623046875 0.0453125 0.15625
1 0.8515625 0.486328125 0.109375 0.4375
1 0.19375 0.48828125 0.0953125 0.171875
3 0.0 0.5390625 0.0828125 0.224609375
3 0.0015625 0.486328125 0.2078125 0.18359375
3 0.2390625 0.466796875 0.1046875 0.1171875
3 0.30625 0.4609375 0.059375 0.08203125
3 0.3515625 0.44140625 0.0671875 0.0703125
3 0.4453125 0.4375 0.0484375 0.04296875
3 0.5734375 0.4296875 0.03125 0.03515625
3 0.6296875 0.455078125 0.046875 0.07421875
3 0.64375 0.4453125 0.159375 0.16796875
1 0.51875 0.435546875 0.01875 0.044921875
3 0.3921875 0.4375 0.040625 0.056640625
3 0.41875 0.439453125 0.0234375 0.046875
3 0.471875 0.427734375 0.0296875 0.029296875
3 0.60625 0.455078125 0.0359375 0.05859375
3 0.9484375 0.5703125 0.05 0.263671875
