1 0.084375 0.4609375 0.0421875 0.125
3 0.253125 0.45703125 0.109375 0.107421875
3 0.0015625 0.583984375 0.0859375 0.22265625
3 0.7953125 0.548828125 0.203125 0.265625
3 0.709375 0.48828125 0.2078125 0.181640625
3 0.6625 0.486328125 0.0953125 0.10546875
3 0.61875 0.48046875 0.065625 0.06640625
3 0.0 0.458984375 0.0671875 0.091796875
3 0.121875 0.44921875 0.05625 0.10546875
3 0.05625 0.44140625 0.0625 0.095703125
3 0.2015625 0.4453125 0.03125 0.06640625
3 0.5984375 0.470703125 0.040625 0.052734375
3 0.58125 0.462890625 0.04375 0.052734375
3 0.5578125 0.455078125 0.034375 0.041015625
3 0.546875 0.44921875 0.0328125 0.03125
