3 0.0875 0.48046875 0.2046875 0.162109375
3 0.2 0.46484375 0.121875 0.107421875
3 0.29375 0.4453125 0.0703125 0.083984375
3 0.396875 0.431640625 0.040625 0.052734375
3 0.59375 0.455078125 0.096875 0.09765625
3 0.6140625 0.478515625 0.109375 0.103515625
3 0.665625 0.501953125 0.175 0.130859375
3 0.81875 0.564453125 0.178125 0.33203125
3 0.0546875 0.4375 0.1015625 0.08984375
3 0.35 0.455078125 0.0375 0.0625
3 0.4375 0.43359375 0.0203125 0.029296875
3 0.4453125 0.42578125 0.0203125 0.033203125
3 0.4890625 0.4296875 0.0234375 0.029296875
3 0.5765625 0.453125 0.0421875 0.06640625
3 0.56875 0.455078125 0.03125 0.046875
3 0.5453125 0.439453125 0.03125 0.04296875
3 0.5296875 0.423828125 0.03125 0.0390625
