1 0.3765625 0.375 0.115625 0.3203125
3 0.4796875 0.4453125 0.103125 0.15625
3 0.5625 0.4140625 0.3015625 0.212890625
3 0.934375 0.4609375 0.0609375 0.25390625
3 0.2671875 0.38671875 0.1609375 0.173828125
3 0.4546875 0.412109375 0.0796875 0.119140625
1 0.203125 0.435546875 0.0296875 0.1171875
1 0.0328125 0.439453125 0.0296875 0.08203125
1 0.084375 0.443359375 0.021875 0.07421875
3 0.23125 0.447265625 0.05 0.064453125
3 0.1 0.44921875 0.0671875 0.060546875
3 0.1625 0.44921875 0.05 0.072265625
3 0.0546875 0.455078125 0.0296875 0.037109375
3 0.0140625 0.458984375 0.028125 0.044921875
