3 0.0015625 0.490234375 0.053125 0.107421875
3 0.075 0.46875 0.040625 0.068359375
3 0.0953125 0.458984375 0.0859375 0.056640625
3 0.134375 0.416015625 0.121875 0.087890625
3 0.2765625 0.470703125 0.096875 0.09375
3 0.4875 0.431640625 0.0234375 0.02734375
3 0.5703125 0.46875 0.075 0.08203125
3 0.60625 0.484375 0.125 0.109375
3 0.6765625 0.509765625 0.196875 0.201171875
3 0.7375 0.56640625 0.2546875 0.333984375
3 0.2546875 0.443359375 0.053125 0.044921875
3 0.340625 0.443359375 0.046875 0.037109375
3 0.4328125 0.44140625 0.0265625 0.025390625
3 0.54375 0.443359375 0.0375 0.044921875
