1 0.478125 0.330078125 0.1859375 0.6328125
1 0.31875 0.4296875 0.1671875 0.369140625
1 0.3734375 0.34765625 0.15625 0.384765625
1 0.0046875 0.30859375 0.1671875 0.537109375
1 0.04375 0.345703125 0.165625 0.453125
3 0.721875 0.486328125 0.246875 0.109375
3 0.6671875 0.46484375 0.090625 0.078125
3 0.6390625 0.4609375 0.0546875 0.0703125
3 0.1796875 0.43359375 0.0671875 0.12109375
1 0.2578125 0.43359375 0.0234375 0.072265625
1 0.3015625 0.4375 0.0234375 0.041015625
1 0.234375 0.42578125 0.01875 0.07421875
3 0.3640625 0.439453125 0.0390625 0.05078125
3 0.0 0.349609375 0.0578125 0.125
