3 0.778125 0.42578125 0.0625 0.076171875
3 0.821875 0.435546875 0.021875 0.06640625
3 0.853125 0.37890625 0.1453125 0.13671875
3 0.903125 0.42578125 0.09375 0.123046875
1 0.4296875 0.44140625 0.0296875 0.076171875
1 0.45 0.4296875 0.0296875 0.08984375
1 0.60625 0.421875 0.0234375 0.083984375
3 0.634375 0.431640625 0.025 0.03515625
1 0.584375 0.4296875 0.021875 0.068359375
1 0.6640625 0.416015625 0.0234375 0.025390625
1 0.371875 0.447265625 0.0140625 0.03125
1 0.159375 0.462890625 0.01875 0.0390625
1 0.11875 0.47265625 0.01875 0.037109375
3 0.70625 0.427734375 0.040625 0.0390625
