1 0.075 0.427734375 0.0296875 0.078125
1 0.05 0.427734375 0.0296875 0.078125
1 0.575 0.4375 0.021875 0.0625
1 0.596875 0.4375 0.040625 0.126953125
1 0.634375 0.48828125 0.0609375 0.111328125
3 0.496875 0.44140625 0.053125 0.05859375
3 0.6953125 0.44140625 0.0625 0.06640625
1 0.7484375 0.44140625 0.0546875 0.134765625
1 0.828125 0.435546875 0.0375 0.162109375
1 0.8953125 0.4375 0.046875 0.1640625
1 0.934375 0.4375 0.0421875 0.16796875
3 0.409375 0.43359375 0.034375 0.029296875
1 0.44375 0.43359375 0.0140625 0.037109375
1 0.24375 0.431640625 0.01875 0.03515625
1 0.3109375 0.427734375 0.0125 0.03125
1 0.5640625 0.4375 0.0203125 0.05859375
