3 0.0 0.486328125 0.1703125 0.26171875
3 0.1640625 0.45703125 0.1375 0.142578125
3 0.2875 0.466796875 0.053125 0.08984375
3 0.36875 0.435546875 0.053125 0.05859375
3 0.5515625 0.4453125 0.0375 0.044921875
3 0.584375 0.466796875 0.0359375 0.05859375
3 0.6171875 0.478515625 0.05625 0.091796875
3 0.6328125 0.466796875 0.171875 0.17578125
3 0.69375 0.525390625 0.2625 0.20703125
3 0.85 0.62890625 0.146875 0.2734375
3 0.41875 0.435546875 0.0296875 0.03515625
3 0.4296875 0.427734375 0.028125 0.033203125
3 0.53125 0.42578125 0.034375 0.04296875
3 0.5203125 0.435546875 0.021875 0.029296875
1 0.509375 0.427734375 0.0203125 0.03515625
1 0.4671875 0.42578125 0.01875 0.041015625
1 0.4796875 0.42578125 0.01875 0.037109375
