3 0.875 0.6484375 0.1234375 0.166015625
3 0.0 0.603515625 0.05 0.3203125
3 0.0015625 0.455078125 0.1796875 0.349609375
3 0.21875 0.45703125 0.0546875 0.05859375
3 0.253125 0.4453125 0.040625 0.046875
3 0.4640625 0.46875 0.05625 0.056640625
3 0.4484375 0.44921875 0.05 0.0625
3 0.91875 0.4765625 0.0765625 0.095703125
1 0.746875 0.484375 0.040625 0.08203125
1 0.703125 0.462890625 0.0296875 0.09765625
18 0.684375 0.525390625 0.0296875 0.03125
3 0.15 0.431640625 0.028125 0.056640625
3 0.1734375 0.435546875 0.028125 0.044921875
3 0.428125 0.462890625 0.0234375 0.033203125
3 0.415625 0.455078125 0.0375 0.03515625
3 0.4 0.453125 0.0296875 0.029296875
1 0.325 0.43359375 0.0234375 0.05078125
