1 0.19375 0.4453125 0.0265625 0.0625
1 0.215625 0.447265625 0.0234375 0.0625
1 0.6328125 0.43359375 0.0234375 0.0625
3 0.8953125 0.7578125 0.103125 0.240234375
3 0.3125 0.466796875 0.0796875 0.072265625
3 0.3171875 0.447265625 0.0359375 0.04296875
3 0.246875 0.447265625 0.0484375 0.044921875
3 0.40625 0.4453125 0.0265625 0.03125
3 0.415625 0.455078125 0.028125 0.033203125
3 0.425 0.4609375 0.034375 0.033203125
3 0.94375 0.478515625 0.0546875 0.14453125
2 0.86875 0.51171875 0.0703125 0.0703125
3 0.809375 0.46484375 0.109375 0.0703125
1 0.58125 0.431640625 0.0203125 0.033203125
1 0.54375 0.4296875 0.01875 0.03515625
1 0.678125 0.431640625 0.01875 0.06640625
1 0.6546875 0.4296875 0.0203125 0.0703125
