3 0.0015625 0.4296875 0.071875 0.2109375
3 0.328125 0.4296875 0.0625 0.0859375
3 0.3765625 0.44921875 0.0453125 0.044921875
3 0.6 0.45703125 0.059375 0.083984375
3 0.625 0.4609375 0.0796875 0.107421875
3 0.659375 0.462890625 0.09375 0.15234375
3 0.878125 0.63671875 0.11875 0.3359375
1 0.565625 0.435546875 0.0203125 0.07421875
3 0.0421875 0.423828125 0.1984375 0.1875
3 0.190625 0.439453125 0.11875 0.115234375
3 0.2734375 0.453125 0.0828125 0.08203125
3 0.396875 0.44140625 0.0375 0.044921875
3 0.684375 0.40625 0.3125 0.36328125
3 0.453125 0.443359375 0.0265625 0.03125
3 0.4296875 0.44921875 0.01875 0.03515625
3 0.5828125 0.45703125 0.0359375 0.056640625
3 0.5140625 0.439453125 0.01875 0.0234375
