1 0.921875 0.400390625 0.0703125 0.224609375
1 0.884375 0.40234375 0.059375 0.26953125
3 0.8625 0.41796875 0.025 0.09765625
1 0.8 0.37890625 0.08125 0.263671875
1 0.6921875 0.404296875 0.0296875 0.115234375
1 0.584375 0.421875 0.03125 0.115234375
1 0.5515625 0.455078125 0.021875 0.08203125
1 0.5375 0.4296875 0.0203125 0.091796875
3 0.4328125 0.455078125 0.0296875 0.029296875
3 0.43125 0.453125 0.0109375 0.01953125
3 0.4171875 0.447265625 0.009375 0.015625
3 0.390625 0.453125 0.0109375 0.01953125
3 0.365625 0.458984375 0.0109375 0.015625
3 0.3546875 0.458984375 0.0109375 0.01953125
3 0.3421875 0.458984375 0.0140625 0.021484375
3 0.3203125 0.4609375 0.0234375 0.025390625
3 0.3015625 0.4609375 0.01875 0.03125
3 0.275 0.447265625 0.028125 0.048828125
3 0.1953125 0.451171875 0.090625 0.08203125
