3 0.5578125 0.443359375 0.0859375 0.07421875
3 0.525 0.42578125 0.0546875 0.0703125
3 0.5125 0.416015625 0.028125 0.033203125
3 0.471875 0.390625 0.040625 0.037109375
3 0.465625 0.3671875 0.03125 0.025390625
3 0.4484375 0.3671875 0.01875 0.025390625
1 0.4703125 0.41796875 0.05625 0.1484375
3 0.365625 0.3671875 0.0265625 0.03125
3 0.35 0.3828125 0.01875 0.03125
3 0.340625 0.392578125 0.01875 0.03515625
3 0.3234375 0.3984375 0.0234375 0.041015625
3 0.309375 0.41015625 0.0265625 0.041015625
3 0.2703125 0.41796875 0.0546875 0.046875
3 0.171875 0.431640625 0.0890625 0.08203125
3 0.0484375 0.408203125 0.0765625 0.064453125
3 0.015625 0.412109375 0.0296875 0.0625
