3 0.9015625 0.4375 0.096875 0.1640625
3 0.7625 0.388671875 0.2359375 0.19140625
3 0.7375 0.400390625 0.1375 0.150390625
3 0.7078125 0.4609375 0.0265625 0.037109375
3 0.4765625 0.3359375 0.240625 0.3125
3 0.4125 0.392578125 0.0671875 0.125
1 0.403125 0.400390625 0.059375 0.14453125
2 0.4046875 0.501953125 0.034375 0.083984375
3 0.334375 0.39453125 0.0921875 0.146484375
3 0.3515625 0.42578125 0.0375 0.125
3 0.171875 0.384765625 0.1828125 0.171875
3 0.0453125 0.359375 0.278125 0.23828125
1 0.0 0.30859375 0.115625 0.48046875
2 0.0 0.63671875 0.0453125 0.259765625
2 0.0546875 0.599609375 0.071875 0.197265625
