3 0.8390625 0.46484375 0.159375 0.337890625
3 0.625 0.439453125 0.1296875 0.09375
3 0.428125 0.447265625 0.1203125 0.09375
3 0.525 0.451171875 0.0703125 0.07421875
2 0.075 0.455078125 0.021875 0.08984375
1 0.1828125 0.43359375 0.01875 0.078125
2 0.31875 0.474609375 0.0140625 0.03515625
1 0.6546875 0.43359375 0.01875 0.03125
1 0.3171875 0.44140625 0.01875 0.037109375
2 0.284375 0.466796875 0.03125 0.03125
2 0.1625 0.46875 0.0203125 0.03515625
2 0.14375 0.466796875 0.0234375 0.041015625
2 0.125 0.447265625 0.0265625 0.087890625
2 0.096875 0.4609375 0.021875 0.0859375
2 0.0375 0.44921875 0.04375 0.1171875
2 0.0140625 0.4453125 0.025 0.125
2 0.0 0.44921875 0.021875 0.1171875
1 0.703125 0.43359375 0.0125 0.0234375
3 0.7625 0.44140625 0.078125 0.0859375
