3 0.5890625 0.466796875 0.046875 0.052734375
3 0.465625 0.462890625 0.0328125 0.052734375
3 0.21875 0.470703125 0.10625 0.072265625
3 0.1515625 0.4609375 0.0703125 0.083984375
1 0.7765625 0.384765625 0.1578125 0.3984375
1 0.68125 0.462890625 0.025 0.068359375
1 0.35625 0.458984375 0.015625 0.05859375
3 0.2984375 0.466796875 0.040625 0.0390625
1 0.55625 0.46484375 0.01875 0.05078125
1 0.546875 0.462890625 0.01875 0.052734375
3 0.0671875 0.470703125 0.0296875 0.068359375
3 0.6421875 0.4765625 0.0203125 0.01953125
3 0.7359375 0.478515625 0.0171875 0.03125
