1 0.8 0.35546875 0.046875 0.21484375
1 0.1203125 0.380859375 0.05625 0.208984375
2 0.2703125 0.47265625 0.021875 0.05859375
1 0.0578125 0.404296875 0.028125 0.09765625
1 0.0359375 0.40625 0.015625 0.0859375
1 0.4640625 0.423828125 0.0140625 0.052734375
3 0.3015625 0.42578125 0.11875 0.05078125
2 0.646875 0.470703125 0.0671875 0.07421875
2 0.0765625 0.470703125 0.0421875 0.05859375
2 0.7328125 0.46875 0.0671875 0.091796875
2 0.5296875 0.447265625 0.0234375 0.04296875
2 0.0 0.46484375 0.046875 0.0625
1 0.2390625 0.4140625 0.0171875 0.07421875
1 0.265625 0.39453125 0.0296875 0.078125
2 0.578125 0.447265625 0.0234375 0.03125
1 0.2203125 0.427734375 0.009375 0.048828125
