3 0.940625 0.568359375 0.0578125 0.228515625
3 0.759375 0.42578125 0.2328125 0.26953125
1 0.6984375 0.41015625 0.0875 0.296875
1 0.1171875 0.421875 0.0671875 0.248046875
1 0.090625 0.3984375 0.0484375 0.248046875
1 0.0390625 0.4296875 0.0578125 0.2421875
3 0.1671875 0.453125 0.1328125 0.150390625
3 0.265625 0.45703125 0.0875 0.107421875
3 0.371875 0.439453125 0.0609375 0.0390625
3 0.64375 0.447265625 0.0671875 0.076171875
3 0.6046875 0.4453125 0.03125 0.04296875
3 0.565625 0.447265625 0.0296875 0.025390625
3 0.3078125 0.43359375 0.0515625 0.044921875
3 0.321875 0.427734375 0.0484375 0.04296875
3 0.4484375 0.44140625 0.03125 0.02734375
1 0.4734375 0.439453125 0.01875 0.037109375
3 0.5234375 0.443359375 0.0203125 0.0234375
3 0.6640625 0.466796875 0.0484375 0.076171875
3 0.621875 0.453125 0.0328125 0.046875
