3 0.4234375 0.443359375 0.10625 0.103515625
3 0.7203125 0.431640625 0.0375 0.0625
3 0.7671875 0.423828125 0.0453125 0.078125
3 0.8234375 0.376953125 0.0875 0.07421875
3 0.825 0.390625 0.1734375 0.125
1 0.675 0.3984375 0.05625 0.189453125
1 0.6203125 0.408203125 0.065625 0.1875
1 0.596875 0.42578125 0.021875 0.068359375
1 0.56875 0.427734375 0.025 0.06640625
1 0.5515625 0.4296875 0.021875 0.064453125
1 0.2640625 0.453125 0.0125 0.029296875
1 0.1140625 0.46875 0.0234375 0.04296875
3 0.409375 0.4453125 0.0359375 0.029296875
