1 0.95625 0.4375 0.040625 0.39453125
1 0.75625 0.416015625 0.0578125 0.25
1 0.6296875 0.423828125 0.01875 0.0703125
3 0.6765625 0.447265625 0.0625 0.0703125
3 0.815625 0.439453125 0.090625 0.103515625
3 0.8375 0.443359375 0.1546875 0.11328125
3 0.3765625 0.435546875 0.053125 0.046875
3 0.3015625 0.427734375 0.08125 0.078125
3 0.209375 0.423828125 0.1015625 0.072265625
3 0.0390625 0.421875 0.184375 0.19140625
3 0.003125 0.4296875 0.0703125 0.21875
3 0.5546875 0.431640625 0.0375 0.04296875
3 0.528125 0.4296875 0.0203125 0.0234375
3 0.40625 0.421875 0.0359375 0.046875
3 0.4 0.427734375 0.0359375 0.044921875
3 0.4546875 0.423828125 0.025 0.03125
3 0.590625 0.43359375 0.021875 0.033203125
3 0.6421875 0.443359375 0.03125 0.0390625
