3 0.509375 0.4375 0.0796875 0.0859375
3 0.1296875 0.4375 0.046875 0.08203125
3 0.0 0.4453125 0.084375 0.123046875
2 0.821875 0.490234375 0.0984375 0.142578125
2 0.7296875 0.5234375 0.0875 0.107421875
2 0.3125 0.484375 0.078125 0.12890625
2 0.2453125 0.505859375 0.059375 0.095703125
2 0.159375 0.50390625 0.0375 0.07421875
2 0.215625 0.49609375 0.0265625 0.06640625
1 0.76875 0.408203125 0.115625 0.19921875
1 0.2765625 0.400390625 0.0734375 0.197265625
1 0.1671875 0.421875 0.04375 0.138671875
1 0.2390625 0.427734375 0.028125 0.1015625
3 0.49375 0.45703125 0.0265625 0.05078125
3 0.484375 0.455078125 0.025 0.04296875
3 0.3875 0.45703125 0.03125 0.02734375
