1 0.7171875 0.42578125 0.040625 0.115234375
1 0.8734375 0.43359375 0.034375 0.08984375
1 0.9078125 0.4296875 0.034375 0.095703125
1 0.228125 0.423828125 0.01875 0.048828125
1 0.3234375 0.4140625 0.025 0.0546875
1 0.1 0.44921875 0.03125 0.095703125
1 0.0875 0.45703125 0.0328125 0.0859375
1 0.10625 0.48046875 0.0875 0.25
2 0.028125 0.61328125 0.175 0.158203125
3 0.4140625 0.412109375 0.028125 0.029296875
3 0.5171875 0.4296875 0.0421875 0.052734375
3 0.528125 0.44140625 0.06875 0.060546875
3 0.053125 0.4296875 0.05625 0.029296875
1 0.0640625 0.435546875 0.021875 0.056640625
3 0.4796875 0.416015625 0.028125 0.029296875
