1 0.3234375 0.4453125 0.0296875 0.095703125
3 0.0015625 0.46484375 0.0875 0.16796875
3 0.0546875 0.462890625 0.153125 0.146484375
3 0.275 0.458984375 0.0578125 0.06640625
3 0.3765625 0.443359375 0.0453125 0.0546875
3 0.55625 0.4453125 0.0421875 0.046875
3 0.6375 0.439453125 0.046875 0.046875
3 0.9375 0.423828125 0.0609375 0.140625
3 0.8953125 0.43359375 0.0796875 0.0703125
3 0.34375 0.45703125 0.034375 0.056640625
3 0.415625 0.455078125 0.021875 0.037109375
3 0.425 0.44921875 0.028125 0.03515625
3 0.4328125 0.4453125 0.028125 0.037109375
3 0.4546875 0.447265625 0.021875 0.03125
3 0.7953125 0.443359375 0.059375 0.05078125
3 0.871875 0.42578125 0.06875 0.0859375
3 0.9046875 0.45703125 0.0625 0.09375
1 0.525 0.44140625 0.0109375 0.03515625
1 0.5390625 0.44140625 0.0125 0.041015625
