3 0.003125 0.45703125 0.1296875 0.21484375
3 0.140625 0.4609375 0.1515625 0.119140625
3 0.290625 0.45703125 0.09375 0.072265625
1 0.403125 0.439453125 0.025 0.064453125
3 0.63125 0.453125 0.1203125 0.123046875
3 0.3421875 0.4453125 0.0625 0.0703125
3 0.6578125 0.46875 0.1359375 0.14453125
3 0.7125 0.48828125 0.15625 0.201171875
3 0.7765625 0.427734375 0.2203125 0.439453125
3 0.6140625 0.4609375 0.040625 0.076171875
3 0.6015625 0.4609375 0.04375 0.06640625
3 0.578125 0.443359375 0.0515625 0.0625
3 0.4578125 0.447265625 0.01875 0.03125
3 0.475 0.447265625 0.0234375 0.0234375
1 0.55625 0.4453125 0.0125 0.041015625
1 0.546875 0.443359375 0.0125 0.041015625
