1 0.1203125 0.439453125 0.03125 0.091796875
2 0.321875 0.48828125 0.015625 0.044921875
2 0.4625 0.4765625 0.015625 0.0390625
2 0.503125 0.46875 0.01875 0.05078125
2 0.834375 0.56640625 0.1328125 0.16015625
2 0.6828125 0.50390625 0.040625 0.1015625
1 0.559375 0.443359375 0.0203125 0.060546875
3 0.7328125 0.4375 0.1390625 0.169921875
3 0.95 0.537109375 0.0484375 0.13671875
3 0.575 0.451171875 0.08125 0.072265625
1 0.834375 0.396484375 0.14375 0.296875
1 0.675 0.412109375 0.053125 0.1796875
1 0.4578125 0.4375 0.01875 0.037109375
1 0.5015625 0.423828125 0.0171875 0.041015625
3 0.4171875 0.455078125 0.0296875 0.025390625
1 0.3171875 0.439453125 0.025 0.046875
2 0.265625 0.470703125 0.0234375 0.046875
2 0.24375 0.46484375 0.01875 0.041015625
