3 0.8484375 0.517578125 0.128125 0.16796875
3 0.696875 0.49609375 0.109375 0.140625
1 0.784375 0.46484375 0.0828125 0.220703125
2 0.7890625 0.6015625 0.0859375 0.15234375
1 0.61875 0.427734375 0.034375 0.091796875
1 0.6015625 0.4375 0.0234375 0.08203125
1 0.3390625 0.43359375 0.0234375 0.05078125
1 0.3203125 0.435546875 0.021875 0.05078125
3 0.45625 0.443359375 0.109375 0.099609375
3 0.39375 0.455078125 0.0796875 0.064453125
3 0.084375 0.443359375 0.04375 0.03515625
3 0.0625 0.435546875 0.034375 0.041015625
3 0.26875 0.423828125 0.040625 0.029296875
3 0.35625 0.4453125 0.0796875 0.0390625
