3 0.590625 0.43359375 0.1203125 0.115234375
3 0.0 0.453125 0.04375 0.0703125
1 0.14375 0.4296875 0.01875 0.07421875
2 0.73125 0.484375 0.0203125 0.04296875
2 0.2390625 0.484375 0.025 0.05078125
1 0.5875 0.431640625 0.0203125 0.037109375
1 0.5296875 0.431640625 0.0203125 0.060546875
1 0.34375 0.4375 0.015625 0.05078125
2 0.7046875 0.4765625 0.0171875 0.046875
1 0.2234375 0.435546875 0.0125 0.052734375
1 0.2390625 0.4296875 0.0234375 0.046875
2 0.1875 0.47265625 0.028125 0.041015625
1 0.3578125 0.447265625 0.0078125 0.037109375
1 0.3640625 0.439453125 0.0109375 0.02734375
2 0.51875 0.466796875 0.0296875 0.037109375
2 0.5546875 0.47265625 0.0109375 0.029296875
