2 0.2921875 0.625 0.06875 0.1484375
1 0.859375 0.501953125 0.1359375 0.458984375
3 0.796875 0.525390625 0.1015625 0.2734375
3 0.6703125 0.48046875 0.1234375 0.115234375
3 0.6296875 0.47265625 0.059375 0.08984375
3 0.575 0.427734375 0.040625 0.044921875
3 0.45 0.42578125 0.040625 0.04296875
3 0.4265625 0.44140625 0.028125 0.052734375
3 0.378125 0.4296875 0.0515625 0.07421875
3 0.375 0.443359375 0.0375 0.064453125
3 0.3296875 0.439453125 0.0609375 0.08984375
3 0.2828125 0.447265625 0.0921875 0.09375
1 0.278125 0.486328125 0.1046875 0.171875
3 0.1078125 0.484375 0.15625 0.16796875
3 0.0015625 0.515625 0.1609375 0.259765625
3 0.69375 0.421875 0.0625 0.033203125
3 0.66875 0.421875 0.025 0.03515625
3 0.4921875 0.42578125 0.0234375 0.03125
3 0.515625 0.427734375 0.0234375 0.025390625
