1 0.753125 0.380859375 0.0421875 0.185546875
1 0.634375 0.408203125 0.021875 0.107421875
1 0.6125 0.40625 0.0296875 0.115234375
1 0.4046875 0.4375 0.0265625 0.08203125
1 0.453125 0.43359375 0.0234375 0.05859375
3 0.7921875 0.3984375 0.05 0.09765625
3 0.8515625 0.392578125 0.065625 0.046875
3 0.85 0.37890625 0.14375 0.12890625
3 0.9015625 0.44140625 0.0875 0.095703125
1 0.159375 0.458984375 0.0203125 0.04296875
1 0.1171875 0.470703125 0.0203125 0.03515625
1 0.5703125 0.427734375 0.01875 0.0546875
1 0.053125 0.455078125 0.021875 0.029296875
3 0.7078125 0.4296875 0.040625 0.052734375
