2 0.6078125 0.59765625 0.0640625 0.24609375
3 0.875 0.515625 0.1234375 0.21875
3 0.696875 0.50390625 0.253125 0.1953125
3 0.68125 0.501953125 0.09375 0.140625
3 0.0296875 0.5234375 0.1171875 0.099609375
3 0.128125 0.5234375 0.065625 0.076171875
3 0.5171875 0.513671875 0.0640625 0.083984375
3 0.4796875 0.517578125 0.0375 0.072265625
3 0.446875 0.51953125 0.0328125 0.0546875
3 0.3546875 0.509765625 0.04375 0.048828125
3 0.1796875 0.525390625 0.0328125 0.060546875
3 0.2140625 0.52734375 0.0203125 0.05078125
3 0.2328125 0.53125 0.025 0.04296875
1 0.5875 0.396484375 0.0953125 0.328125
3 0.43125 0.509765625 0.021875 0.052734375
3 0.4125 0.515625 0.021875 0.0390625
