1 0.834375 0.427734375 0.0484375 0.201171875
1 0.8734375 0.40234375 0.115625 0.33984375
2 0.890625 0.6015625 0.078125 0.20703125
1 0.725 0.447265625 0.021875 0.056640625
1 0.1921875 0.443359375 0.021875 0.068359375
1 0.175 0.443359375 0.01875 0.064453125
3 0.396875 0.447265625 0.059375 0.064453125
3 0.465625 0.447265625 0.0359375 0.037109375
3 0.3484375 0.45703125 0.0484375 0.044921875
1 0.6953125 0.439453125 0.01875 0.060546875
1 0.6859375 0.439453125 0.0140625 0.060546875
1 0.2546875 0.4375 0.0203125 0.052734375
1 0.5296875 0.4453125 0.015625 0.029296875
3 0.3828125 0.44921875 0.03125 0.037109375
