2 0.35625 0.498046875 0.0203125 0.072265625
1 0.3453125 0.423828125 0.0375 0.1484375
1 0.409375 0.412109375 0.028125 0.125
1 0.6921875 0.390625 0.046875 0.17578125
1 0.7421875 0.3984375 0.0515625 0.16796875
3 0.778125 0.42578125 0.065625 0.07421875
3 0.8546875 0.375 0.14375 0.1484375
3 0.9046875 0.423828125 0.09375 0.12890625
1 0.5421875 0.435546875 0.0203125 0.044921875
1 0.59375 0.43359375 0.0203125 0.052734375
1 0.609375 0.4296875 0.0203125 0.060546875
1 0.621875 0.431640625 0.01875 0.05859375
3 0.6296875 0.431640625 0.025 0.029296875
1 0.1625 0.458984375 0.01875 0.04296875
1 0.1171875 0.47265625 0.0203125 0.03125
1 0.1046875 0.46484375 0.01875 0.052734375
