2 0.175 0.53125 0.0375 0.08984375
2 0.3140625 0.47265625 0.0203125 0.048828125
1 0.1765625 0.42578125 0.0375 0.109375
1 0.865625 0.404296875 0.053125 0.15625
1 0.6921875 0.40625 0.040625 0.15234375
3 0.3296875 0.44140625 0.0625 0.044921875
3 0.384375 0.44921875 0.025 0.029296875
1 0.0953125 0.42578125 0.021875 0.09375
1 0.109375 0.427734375 0.0140625 0.08203125
3 0.96875 0.41015625 0.0296875 0.0625
2 0.775 0.533203125 0.0875 0.11328125
2 0.9375 0.552734375 0.034375 0.09765625
2 0.0015625 0.4609375 0.053125 0.087890625
2 0.6546875 0.484375 0.034375 0.0625
2 0.8671875 0.560546875 0.0671875 0.078125
3 0.9234375 0.423828125 0.0328125 0.048828125
2 0.63125 0.484375 0.025 0.0625
2 0.5984375 0.484375 0.025 0.056640625
2 0.1578125 0.46875 0.0171875 0.05859375
2 0.1453125 0.46875 0.0140625 0.0625
2 0.134375 0.470703125 0.015625 0.056640625
2 0.05625 0.48828125 0.0296875 0.0546875
1 0.228125 0.427734375 0.040625 0.130859375
1 0.3125 0.423828125 0.0171875 0.048828125
1 0.6671875 0.41796875 0.0171875 0.04296875
2 0.2734375 0.455078125 0.021875 0.041015625
