1 0.3015625 0.44140625 0.046875 0.166015625
1 0.084375 0.4453125 0.0453125 0.06640625
1 0.0265625 0.44921875 0.04375 0.14453125
1 0.0 0.43359375 0.0265625 0.162109375
3 0.0640625 0.44921875 0.2171875 0.154296875
1 0.721875 0.439453125 0.0375 0.083984375
3 0.66875 0.4375 0.0671875 0.0703125
3 0.5578125 0.458984375 0.034375 0.03515625
3 0.7578125 0.45703125 0.0265625 0.02734375
3 0.653125 0.46484375 0.0234375 0.03515625
1 0.625 0.44921875 0.01875 0.037109375
1 0.8921875 0.44921875 0.015625 0.041015625
