1 0.321875 0.4296875 0.0328125 0.09765625
2 0.2703125 0.44921875 0.0578125 0.056640625
3 0.3578125 0.45703125 0.059375 0.0703125
3 0.39375 0.421875 0.1734375 0.109375
3 0.5234375 0.443359375 0.109375 0.091796875
3 0.553125 0.431640625 0.171875 0.12109375
3 0.7375 0.43359375 0.203125 0.134765625
3 0.640625 0.443359375 0.1671875 0.11328125
3 0.9265625 0.41015625 0.071875 0.171875
1 0.771875 0.404296875 0.028125 0.037109375
1 0.821875 0.4140625 0.01875 0.021484375
1 0.8703125 0.404296875 0.0234375 0.02734375
1 0.8890625 0.3984375 0.0203125 0.033203125
1 0.40625 0.44140625 0.0140625 0.015625
1 0.390625 0.44140625 0.0109375 0.015625
