3 0.878125 0.4375 0.0359375 0.044921875
3 0.928125 0.4375 0.0578125 0.046875
3 0.7390625 0.443359375 0.1 0.04296875
3 0.6953125 0.4453125 0.053125 0.041015625
3 0.6625 0.44140625 0.053125 0.041015625
3 0.64375 0.44140625 0.0421875 0.03515625
1 0.5703125 0.439453125 0.0171875 0.041015625
3 0.459375 0.44140625 0.040625 0.03125
3 0.440625 0.443359375 0.01875 0.0234375
3 0.421875 0.435546875 0.0234375 0.02734375
3 0.446875 0.423828125 0.0203125 0.0234375
3 0.3140625 0.439453125 0.0453125 0.048828125
3 0.221875 0.4453125 0.0546875 0.05859375
3 0.1375 0.447265625 0.090625 0.068359375
3 0.2765625 0.45703125 0.021875 0.044921875
3 0.35625 0.447265625 0.0203125 0.037109375
3 0.3734375 0.4453125 0.021875 0.03515625
