3 0.0015625 0.412109375 0.1296875 0.19140625
3 0.1125 0.4375 0.0796875 0.080078125
3 0.146875 0.40625 0.2109375 0.18359375
3 0.3453125 0.443359375 0.0421875 0.056640625
3 0.49375 0.43359375 0.040625 0.044921875
3 0.54375 0.44140625 0.040625 0.04296875
3 0.6046875 0.443359375 0.075 0.138671875
3 0.6234375 0.447265625 0.221875 0.21875
3 0.384375 0.44140625 0.0359375 0.0390625
3 0.4203125 0.439453125 0.0234375 0.03125
3 0.4328125 0.43359375 0.0234375 0.03125
1 0.4515625 0.4296875 0.0140625 0.0390625
1 0.6140625 0.431640625 0.021875 0.041015625
