1 0.51875 0.45703125 0.0609375 0.21484375
1 0.4734375 0.43359375 0.025 0.072265625
1 0.45 0.435546875 0.025 0.0703125
1 0.43125 0.435546875 0.025 0.0703125
2 0.5375 0.56640625 0.025 0.11328125
3 0.853125 0.46875 0.1203125 0.056640625
3 0.915625 0.474609375 0.0828125 0.1171875
3 0.740625 0.51953125 0.25625 0.197265625
3 0.6515625 0.466796875 0.078125 0.087890625
3 0.58125 0.466796875 0.1 0.123046875
3 0.3671875 0.44921875 0.0625 0.068359375
3 0.334375 0.46875 0.0484375 0.083984375
3 0.25 0.46875 0.103125 0.1328125
3 0.1078125 0.43359375 0.1734375 0.2265625
3 0.0 0.529296875 0.1859375 0.240234375
3 0.740625 0.458984375 0.0484375 0.052734375
1 0.6921875 0.4453125 0.01875 0.02734375
