1 0.809375 0.443359375 0.0234375 0.046875
1 0.4046875 0.431640625 0.0203125 0.05078125
1 0.178125 0.41015625 0.0203125 0.072265625
1 0.2046875 0.41015625 0.0203125 0.0703125
1 0.6921875 0.4453125 0.015625 0.044921875
3 0.84375 0.498046875 0.1515625 0.24609375
3 0.73125 0.494140625 0.159375 0.12890625
3 0.525 0.439453125 0.040625 0.041015625
3 0.5984375 0.455078125 0.0375 0.037109375
1 0.4671875 0.4375 0.009375 0.029296875
1 0.3078125 0.431640625 0.01875 0.0234375
1 0.321875 0.43359375 0.0203125 0.03125
1 0.334375 0.43359375 0.01875 0.0234375
