3 0.6625 0.431640625 0.11875 0.07421875
3 0.5484375 0.466796875 0.1 0.087890625
3 0.5734375 0.474609375 0.115625 0.103515625
3 0.596875 0.49609375 0.2046875 0.17578125
3 0.334375 0.4453125 0.040625 0.04296875
3 0.31875 0.443359375 0.025 0.03515625
3 0.0 0.509765625 0.26875 0.267578125
3 0.925 0.787109375 0.0734375 0.2109375
3 0.1765625 0.44921875 0.0609375 0.0625
3 0.2890625 0.4375 0.03125 0.044921875
1 0.2640625 0.4375 0.0203125 0.05078125
1 0.2515625 0.439453125 0.01875 0.044921875
1 0.3734375 0.4453125 0.0265625 0.05078125
2 0.3796875 0.466796875 0.01875 0.03125
2 0.809375 0.48828125 0.0328125 0.046875
