1 0.428125 0.4296875 0.034375 0.05859375
1 0.4828125 0.43359375 0.0359375 0.056640625
1 0.659375 0.376953125 0.053125 0.263671875
1 0.721875 0.3984375 0.0703125 0.2421875
1 0.625 0.3671875 0.0515625 0.296875
3 0.75 0.3984375 0.109375 0.052734375
3 0.7828125 0.431640625 0.203125 0.158203125
3 0.59375 0.453125 0.04375 0.08203125
3 0.525 0.43359375 0.103125 0.091796875
3 0.071875 0.384765625 0.0890625 0.06640625
3 0.10625 0.44140625 0.0921875 0.078125
3 0.0015625 0.427734375 0.1703125 0.12109375
3 0.2984375 0.439453125 0.06875 0.0546875
3 0.3953125 0.3984375 0.075 0.1015625
3 0.3625 0.4453125 0.05 0.056640625
