3 0.390625 0.404296875 0.140625 0.109375
3 0.5234375 0.423828125 0.0359375 0.078125
3 0.546875 0.42578125 0.0484375 0.0703125
3 0.5921875 0.439453125 0.05 0.044921875
3 0.8203125 0.44921875 0.1046875 0.095703125
1 0.784375 0.40625 0.040625 0.115234375
3 0.0 0.373046875 0.05625 0.1484375
3 0.634375 0.439453125 0.0234375 0.04296875
3 0.6515625 0.443359375 0.03125 0.033203125
3 0.6984375 0.44140625 0.021875 0.025390625
1 0.76875 0.42578125 0.01875 0.083984375
1 0.7578125 0.42578125 0.01875 0.087890625
