1 0.84375 0.43359375 0.0234375 0.06640625
3 0.78125 0.498046875 0.2171875 0.166015625
3 0.95 0.5859375 0.0484375 0.197265625
3 0.6 0.44921875 0.0359375 0.041015625
3 0.5234375 0.439453125 0.034375 0.03515625
1 0.3890625 0.42578125 0.021875 0.052734375
1 0.1703125 0.408203125 0.025 0.076171875
1 0.15 0.40625 0.0203125 0.078125
1 0.4140625 0.427734375 0.0234375 0.044921875
1 0.9765625 0.439453125 0.01875 0.033203125
1 0.809375 0.4375 0.025 0.05859375
1 0.696875 0.439453125 0.01875 0.044921875
3 0.5921875 0.4453125 0.01875 0.033203125
3 0.58125 0.4375 0.0234375 0.03515625
3 0.571875 0.44140625 0.01875 0.025390625
1 0.2765625 0.42578125 0.021875 0.044921875
1 0.0828125 0.408203125 0.025 0.0546875
1 0.309375 0.4296875 0.0203125 0.0390625
1 0.3234375 0.4296875 0.0203125 0.025390625
