3 0.86875 0.408203125 0.040625 0.064453125
3 0.80625 0.421875 0.0703125 0.05859375
3 0.584375 0.421875 0.1125 0.08203125
3 0.4828125 0.431640625 0.0296875 0.03515625
3 0.4203125 0.41796875 0.0234375 0.0234375
3 0.378125 0.4296875 0.03125 0.037109375
3 0.2890625 0.443359375 0.053125 0.037109375
3 0.1546875 0.44921875 0.1359375 0.1015625
3 0.034375 0.44140625 0.1203125 0.1015625
3 0.0 0.44140625 0.0390625 0.11328125
3 0.7015625 0.42578125 0.034375 0.072265625
1 0.9234375 0.435546875 0.0609375 0.18359375
