2 0.353125 0.55859375 0.034375 0.126953125
2 0.003125 0.59765625 0.0296875 0.09765625
1 0.4734375 0.45703125 0.0453125 0.185546875
1 0.3484375 0.474609375 0.053125 0.169921875
1 0.0015625 0.494140625 0.0453125 0.169921875
1 0.1015625 0.44921875 0.021875 0.0859375
1 0.1421875 0.4453125 0.0234375 0.08203125
1 0.125 0.447265625 0.021875 0.091796875
3 0.2375 0.44921875 0.0671875 0.0703125
3 0.5078125 0.455078125 0.040625 0.072265625
3 0.396875 0.44921875 0.0296875 0.025390625
3 0.2984375 0.46484375 0.021875 0.04296875
3 0.3125 0.458984375 0.01875 0.04296875
3 0.93125 0.787109375 0.0671875 0.2109375
3 0.4640625 0.4453125 0.0265625 0.05078125
