1 0.9578125 0.427734375 0.040625 0.150390625
1 0.8296875 0.435546875 0.025 0.091796875
3 0.7125 0.46484375 0.0484375 0.041015625
3 0.70625 0.431640625 0.05 0.033203125
1 0.6796875 0.447265625 0.0109375 0.048828125
1 0.6640625 0.447265625 0.01875 0.05859375
1 0.6453125 0.44140625 0.01875 0.046875
1 0.6265625 0.443359375 0.0203125 0.04296875
1 0.609375 0.443359375 0.01875 0.05078125
3 0.5390625 0.453125 0.046875 0.044921875
3 0.5125 0.453125 0.0265625 0.029296875
3 0.465625 0.453125 0.04375 0.025390625
3 0.425 0.447265625 0.0328125 0.033203125
3 0.365625 0.443359375 0.0375 0.044921875
3 0.3328125 0.453125 0.0234375 0.029296875
3 0.278125 0.439453125 0.0515625 0.0546875
1 0.0265625 0.447265625 0.0203125 0.0546875
1 0.0671875 0.46484375 0.021875 0.05078125
3 0.06875 0.443359375 0.0859375 0.064453125
