3 0.0015625 0.4453125 0.053125 0.19140625
3 0.0203125 0.44921875 0.1484375 0.166015625
3 0.1640625 0.462890625 0.0921875 0.115234375
3 0.2375 0.458984375 0.0734375 0.087890625
3 0.3375 0.45703125 0.0578125 0.0625
3 0.8046875 0.42578125 0.128125 0.1171875
3 0.79375 0.44140625 0.0421875 0.08203125
3 0.9015625 0.4140625 0.0953125 0.162109375
1 0.4015625 0.447265625 0.03125 0.072265625
3 0.7390625 0.44921875 0.0703125 0.046875
3 0.5640625 0.455078125 0.0375 0.0390625
3 0.41875 0.447265625 0.0265625 0.044921875
3 0.440625 0.45703125 0.0203125 0.03125
3 0.4515625 0.458984375 0.0203125 0.02734375
3 0.471875 0.44921875 0.0203125 0.029296875
3 0.4796875 0.447265625 0.021875 0.025390625
1 0.54375 0.4453125 0.0140625 0.037109375
1 0.534375 0.4453125 0.0125 0.0390625
