1 0.765625 0.412109375 0.0453125 0.1484375
1 0.728125 0.40234375 0.04375 0.162109375
1 0.6921875 0.4140625 0.04375 0.119140625
1 0.659375 0.427734375 0.03125 0.107421875
1 0.5953125 0.43359375 0.0203125 0.05859375
1 0.575 0.43359375 0.021875 0.064453125
3 0.796875 0.421875 0.046875 0.072265625
3 0.4328125 0.439453125 0.034375 0.04296875
3 0.359375 0.447265625 0.0703125 0.068359375
3 0.85625 0.376953125 0.1375 0.140625
3 0.903125 0.421875 0.0953125 0.12890625
1 0.159375 0.45703125 0.01875 0.046875
1 0.1171875 0.474609375 0.021875 0.03125
1 0.103125 0.462890625 0.01875 0.056640625
1 0.5515625 0.43359375 0.015625 0.05078125
1 0.5421875 0.43359375 0.01875 0.05078125
