3 0.50625 0.44921875 0.096875 0.091796875
3 0.49375 0.44921875 0.0234375 0.06640625
3 0.478125 0.4453125 0.0265625 0.064453125
3 0.4671875 0.4453125 0.0203125 0.056640625
3 0.45 0.453125 0.021875 0.03125
3 0.440625 0.44140625 0.028125 0.033203125
3 0.38125 0.455078125 0.015625 0.017578125
3 0.3578125 0.453125 0.0234375 0.02734375
3 0.2734375 0.41015625 0.0859375 0.109375
3 0.2640625 0.462890625 0.0125 0.041015625
3 0.25 0.43359375 0.01875 0.033203125
3 0.228125 0.43359375 0.01875 0.033203125
3 0.203125 0.427734375 0.0234375 0.037109375
3 0.1828125 0.423828125 0.025 0.04296875
3 0.1640625 0.42578125 0.0234375 0.04296875
3 0.14375 0.42578125 0.021875 0.044921875
3 0.11875 0.41796875 0.0234375 0.04296875
3 0.0984375 0.41796875 0.0203125 0.041015625
3 0.0203125 0.416015625 0.078125 0.052734375
1 0.759375 0.427734375 0.0203125 0.076171875
3 0.0 0.421875 0.025 0.041015625
