1 0.3890625 0.43359375 0.021875 0.068359375
3 0.0 0.4609375 0.2796875 0.380859375
3 0.2484375 0.44921875 0.1296875 0.1640625
3 0.7078125 0.498046875 0.290625 0.498046875
3 0.640625 0.501953125 0.159375 0.171875
3 0.58125 0.47265625 0.115625 0.123046875
3 0.56875 0.447265625 0.0765625 0.09375
1 0.496875 0.435546875 0.0203125 0.05859375
3 0.3625 0.44921875 0.0296875 0.041015625
3 0.396875 0.447265625 0.0203125 0.033203125
3 0.403125 0.439453125 0.03125 0.033203125
3 0.0328125 0.4453125 0.1921875 0.05859375
3 0.5375 0.427734375 0.040625 0.05859375
3 0.434375 0.43359375 0.025 0.0234375
1 0.428125 0.427734375 0.0140625 0.044921875
3 0.48125 0.431640625 0.034375 0.041015625
3 0.6578125 0.43359375 0.03125 0.033203125
3 0.6921875 0.423828125 0.0546875 0.03515625
