3 0.0015625 0.37890625 0.096875 0.154296875
3 0.0890625 0.392578125 0.1046875 0.115234375
3 0.3375 0.4375 0.065625 0.05859375
3 0.390625 0.4375 0.0421875 0.046875
3 0.421875 0.42578125 0.0515625 0.052734375
3 0.5734375 0.43359375 0.0328125 0.046875
3 0.590625 0.44140625 0.053125 0.0546875
3 0.6203125 0.455078125 0.046875 0.078125
3 0.640625 0.45703125 0.078125 0.099609375
3 0.6640625 0.45703125 0.10625 0.140625
3 0.703125 0.435546875 0.2578125 0.255859375
3 0.8375 0.4609375 0.1609375 0.46875
3 0.4875 0.43359375 0.0328125 0.025390625
3 0.63125 0.423828125 0.03125 0.037109375
