1 0.0 0.494140625 0.078125 0.248046875
2 0.003125 0.65234375 0.059375 0.138671875
3 0.0546875 0.494140625 0.134375 0.15625
3 0.16875 0.455078125 0.065625 0.046875
3 0.19375 0.421875 0.0984375 0.0703125
3 0.346875 0.45703125 0.06875 0.0703125
3 0.5734375 0.44921875 0.046875 0.07421875
3 0.596875 0.46484375 0.0734375 0.078125
3 0.621875 0.484375 0.121875 0.11328125
3 0.6453125 0.5 0.140625 0.1484375
3 0.703125 0.501953125 0.2921875 0.2890625
3 0.8421875 0.640625 0.153125 0.35546875
3 0.496875 0.427734375 0.0234375 0.03125
3 0.290625 0.447265625 0.05 0.0390625
3 0.4421875 0.439453125 0.025 0.0234375
3 0.54375 0.4375 0.0359375 0.041015625
