1 0.121875 0.412109375 0.0484375 0.12890625
1 0.26875 0.423828125 0.0234375 0.095703125
1 0.3703125 0.41015625 0.04375 0.15625
3 0.0 0.423828125 0.0578125 0.1171875
3 0.0390625 0.431640625 0.0515625 0.087890625
3 0.290625 0.431640625 0.0796875 0.08203125
3 0.403125 0.4296875 0.0703125 0.0390625
3 0.409375 0.447265625 0.065625 0.095703125
3 0.4546875 0.423828125 0.0875 0.12109375
3 0.4875 0.42578125 0.0734375 0.1328125
3 0.5359375 0.326171875 0.409375 0.2890625
3 0.23125 0.44140625 0.0375 0.056640625
3 0.1671875 0.44140625 0.040625 0.044921875
3 0.2015625 0.44140625 0.0328125 0.046875
