1 0.7703125 0.421875 0.03125 0.107421875
1 0.303125 0.4296875 0.0421875 0.103515625
1 0.228125 0.412109375 0.01875 0.068359375
1 0.24375 0.41015625 0.025 0.08203125
2 0.3125 0.462890625 0.03125 0.08203125
1 0.48125 0.43359375 0.0140625 0.025390625
1 0.496875 0.43359375 0.0125 0.02734375
1 0.79375 0.423828125 0.0234375 0.10546875
1 0.8 0.41015625 0.0234375 0.046875
3 0.5546875 0.44140625 0.028125 0.03125
3 0.4234375 0.4296875 0.0234375 0.041015625
2 0.084375 0.45703125 0.028125 0.0390625
1 0.146875 0.412109375 0.01875 0.041015625
3 0.440625 0.4375 0.015625 0.03125
1 0.7125 0.421875 0.03125 0.0625
