1 0.8203125 0.435546875 0.0265625 0.15234375
1 0.90625 0.43359375 0.0515625 0.17578125
3 0.5578125 0.46875 0.040625 0.037109375
3 0.4015625 0.458984375 0.0421875 0.04296875
1 0.221875 0.443359375 0.0234375 0.06640625
1 0.290625 0.439453125 0.01875 0.064453125
1 0.309375 0.4453125 0.01875 0.0546875
1 0.4796875 0.4609375 0.0140625 0.03515625
1 0.4984375 0.458984375 0.0140625 0.03515625
1 0.9453125 0.4375 0.034375 0.169921875
3 0.440625 0.46484375 0.0203125 0.033203125
3 0.4484375 0.462890625 0.0203125 0.03125
