1 0.790625 0.453125 0.0296875 0.11328125
3 0.584375 0.462890625 0.0875 0.083984375
3 0.4828125 0.47265625 0.05 0.044921875
3 0.4671875 0.46875 0.0203125 0.03515625
3 0.453125 0.470703125 0.0203125 0.025390625
3 0.415625 0.46484375 0.0203125 0.0234375
3 0.35625 0.46875 0.01875 0.025390625
3 0.3328125 0.466796875 0.025 0.029296875
3 0.2921875 0.46875 0.021875 0.033203125
3 0.2640625 0.46484375 0.028125 0.041015625
3 0.2484375 0.466796875 0.0234375 0.052734375
3 0.1890625 0.458984375 0.059375 0.0625
3 0.084375 0.46484375 0.10625 0.08203125
3 0.0 0.453125 0.0875 0.12109375
1 0.8515625 0.44140625 0.0296875 0.1484375
