1 0.9046875 0.375 0.0859375 0.326171875
3 0.8046875 0.466796875 0.103125 0.056640625
3 0.8078125 0.4453125 0.0796875 0.0234375
3 0.759375 0.4609375 0.0375 0.05078125
3 0.73125 0.44921875 0.0359375 0.02734375
3 0.73125 0.474609375 0.0265625 0.037109375
3 0.690625 0.443359375 0.0265625 0.025390625
3 0.6265625 0.4375 0.0921875 0.080078125
3 0.56875 0.435546875 0.0546875 0.0859375
3 0.4921875 0.453125 0.0359375 0.046875
3 0.459375 0.455078125 0.0296875 0.044921875
3 0.4375 0.44921875 0.025 0.0546875
3 0.3984375 0.455078125 0.0375 0.05078125
3 0.3671875 0.44921875 0.0328125 0.0546875
3 0.34375 0.44921875 0.021875 0.056640625
3 0.309375 0.45703125 0.03125 0.029296875
3 0.0734375 0.4375 0.053125 0.05078125
3 0.1 0.439453125 0.25 0.166015625
3 0.0 0.427734375 0.10625 0.201171875
