3 0.0015625 0.529296875 0.115625 0.25
3 0.0546875 0.49609375 0.190625 0.169921875
3 0.2546875 0.44921875 0.1015625 0.115234375
3 0.325 0.443359375 0.05625 0.07421875
3 0.359375 0.4453125 0.0421875 0.0703125
3 0.4125 0.443359375 0.0375 0.046875
3 0.4484375 0.43359375 0.0375 0.037109375
3 0.5734375 0.435546875 0.0359375 0.033203125
3 0.6296875 0.47265625 0.065625 0.076171875
3 0.64375 0.478515625 0.0609375 0.078125
3 0.675 0.486328125 0.1375 0.12890625
1 0.84375 0.49609375 0.1421875 0.458984375
1 0.3125 0.48046875 0.084375 0.21875
2 0.3265625 0.62109375 0.0609375 0.150390625
3 0.4828125 0.42578125 0.028125 0.033203125
3 0.6875 0.416015625 0.0796875 0.03515625
3 0.6671875 0.423828125 0.025 0.037109375
3 0.934375 0.5390625 0.0640625 0.3671875
3 0.8421875 0.685546875 0.03125 0.134765625
