1 0.7265625 0.40625 0.0359375 0.201171875
1 0.690625 0.47265625 0.0328125 0.130859375
1 0.6515625 0.431640625 0.0328125 0.146484375
1 0.60625 0.431640625 0.028125 0.1328125
3 0.5515625 0.447265625 0.0546875 0.0625
3 0.51875 0.447265625 0.0328125 0.0625
3 0.4765625 0.458984375 0.028125 0.03515625
3 0.4578125 0.470703125 0.0234375 0.046875
3 0.3484375 0.44140625 0.10625 0.119140625
3 0.3203125 0.46875 0.028125 0.0546875
3 0.2390625 0.443359375 0.08125 0.0859375
3 0.0359375 0.40234375 0.203125 0.177734375
3 0.0 0.43359375 0.040625 0.0625
3 0.765625 0.478515625 0.0234375 0.05078125
3 0.028125 0.439453125 0.03125 0.01953125
