3 0.0015625 0.44140625 0.134375 0.1171875
3 0.2203125 0.45703125 0.1171875 0.0859375
3 0.3234375 0.45703125 0.0484375 0.064453125
3 0.5578125 0.44140625 0.04375 0.046875
3 0.60625 0.455078125 0.0734375 0.076171875
3 0.6171875 0.462890625 0.0578125 0.0859375
3 0.628125 0.470703125 0.0734375 0.1171875
3 0.6671875 0.43359375 0.1859375 0.212890625
3 0.4 0.447265625 0.040625 0.046875
3 0.43125 0.44921875 0.028125 0.03515625
1 0.46875 0.44140625 0.0109375 0.041015625
1 0.540625 0.4453125 0.015625 0.041015625
1 0.53125 0.4453125 0.0109375 0.0390625
3 0.096875 0.47265625 0.0578125 0.0703125
3 0.375 0.439453125 0.0265625 0.0390625
3 0.3640625 0.447265625 0.0203125 0.03515625
