3 0.0046875 0.44921875 0.215625 0.2109375
3 0.478125 0.48046875 0.0953125 0.09375
3 0.2125 0.45703125 0.065625 0.0625
1 0.1296875 0.42578125 0.03125 0.044921875
1 0.1640625 0.41796875 0.0375 0.060546875
3 0.8359375 0.515625 0.15625 0.0546875
3 0.2890625 0.4609375 0.04375 0.044921875
3 0.3296875 0.466796875 0.028125 0.033203125
3 0.265625 0.458984375 0.025 0.052734375
3 0.4 0.4765625 0.0265625 0.025390625
3 0.45625 0.466796875 0.071875 0.072265625
3 0.45 0.46484375 0.034375 0.0546875
1 0.43125 0.47265625 0.0140625 0.03125
1 0.3828125 0.466796875 0.0140625 0.0390625
1 0.371875 0.46484375 0.0140625 0.0390625
1 0.3609375 0.46484375 0.0171875 0.041015625
3 0.83125 0.478515625 0.153125 0.06640625
3 0.709375 0.5078125 0.15625 0.126953125
