3 0.115625 0.458984375 0.121875 0.09375
3 0.28125 0.46484375 0.0828125 0.083984375
3 0.3921875 0.4453125 0.04375 0.052734375
3 0.43125 0.443359375 0.0234375 0.044921875
3 0.5015625 0.435546875 0.034375 0.029296875
3 0.91875 0.66796875 0.078125 0.24609375
3 0.6921875 0.5 0.2125 0.166015625
3 0.65 0.478515625 0.1234375 0.11328125
3 0.6203125 0.453125 0.0734375 0.095703125
3 0.0 0.4609375 0.0515625 0.1015625
3 0.0 0.43359375 0.1109375 0.10546875
3 0.0953125 0.439453125 0.0484375 0.041015625
3 0.1140625 0.423828125 0.0796875 0.033203125
3 0.16875 0.4375 0.109375 0.08203125
3 0.5796875 0.4375 0.05 0.06640625
3 0.446875 0.4296875 0.034375 0.033203125
