1 0.7765625 0.46875 0.09375 0.3359375
1 0.14375 0.4921875 0.10625 0.259765625
2 0.1515625 0.634765625 0.0515625 0.146484375
3 0.8734375 0.615234375 0.1234375 0.271484375
3 0.821875 0.478515625 0.175 0.208984375
3 0.734375 0.4921875 0.059375 0.17578125
3 0.628125 0.453125 0.11875 0.10546875
3 0.28125 0.462890625 0.0984375 0.087890625
3 0.0015625 0.501953125 0.1625 0.18359375
3 0.2 0.478515625 0.0828125 0.111328125
3 0.378125 0.44140625 0.0578125 0.06640625
3 0.4625 0.4375 0.0515625 0.04296875
1 0.5390625 0.43359375 0.0125 0.041015625
3 0.8734375 0.435546875 0.06875 0.037109375
3 0.353125 0.45703125 0.040625 0.068359375
3 0.415625 0.443359375 0.0328125 0.052734375
3 0.4390625 0.439453125 0.0203125 0.04296875
3 0.4390625 0.43359375 0.0296875 0.052734375
3 0.5140625 0.42578125 0.0203125 0.02734375
3 0.578125 0.4375 0.0296875 0.02734375
3 0.6140625 0.45703125 0.034375 0.056640625
3 0.6015625 0.45703125 0.0296875 0.04296875
