3 0.7265625 0.490234375 0.1828125 0.154296875
3 0.6796875 0.484375 0.0875 0.09375
3 0.5890625 0.458984375 0.0375 0.03515625
3 0.5234375 0.4453125 0.040625 0.044921875
1 0.2453125 0.4375 0.021875 0.05078125
1 0.2265625 0.423828125 0.01875 0.0625
1 0.4140625 0.439453125 0.021875 0.052734375
3 0.578125 0.44921875 0.0234375 0.033203125
3 0.56875 0.453125 0.01875 0.025390625
1 0.671875 0.453125 0.021875 0.03515625
1 0.6484375 0.443359375 0.01875 0.044921875
3 0.4296875 0.447265625 0.028125 0.03515625
1 0.3125 0.4375 0.015625 0.04296875
1 0.334375 0.44140625 0.01875 0.033203125
1 0.346875 0.44140625 0.0203125 0.0234375
