1 0.44375 0.431640625 0.0203125 0.052734375
1 0.625 0.427734375 0.0203125 0.044921875
3 0.70625 0.50390625 0.2921875 0.345703125
3 0.9328125 0.81640625 0.065625 0.181640625
3 0.609375 0.46484375 0.1453125 0.1328125
3 0.5671875 0.458984375 0.06875 0.056640625
3 0.3703125 0.4453125 0.0359375 0.046875
3 0.3140625 0.44140625 0.0671875 0.07421875
3 0.275 0.46484375 0.0625 0.068359375
3 0.2265625 0.484375 0.0625 0.08203125
3 0.1625 0.48828125 0.096875 0.125
3 0.0015625 0.486328125 0.1859375 0.212890625
3 0.909375 0.42578125 0.0625 0.0703125
3 0.9484375 0.435546875 0.05 0.068359375
3 0.5484375 0.43359375 0.046875 0.056640625
3 0.5390625 0.44140625 0.028125 0.041015625
3 0.475 0.427734375 0.0234375 0.02734375
3 0.4125 0.439453125 0.028125 0.029296875
