3 0.2375 0.447265625 0.06875 0.056640625
3 0.346875 0.447265625 0.0515625 0.05859375
3 0.40625 0.443359375 0.0375 0.033203125
3 0.49375 0.427734375 0.0296875 0.029296875
3 0.584375 0.443359375 0.0625 0.078125
3 0.6125 0.466796875 0.0578125 0.07421875
3 0.6375 0.462890625 0.0625 0.119140625
3 0.6546875 0.470703125 0.115625 0.138671875
3 0.69375 0.46875 0.2453125 0.2265625
1 0.1265625 0.49609375 0.06875 0.154296875
2 0.1328125 0.580078125 0.059375 0.123046875
3 0.034375 0.453125 0.0484375 0.107421875
3 0.090625 0.458984375 0.025 0.099609375
3 0.1671875 0.45703125 0.040625 0.046875
3 0.203125 0.44140625 0.0328125 0.0625
3 0.259375 0.4375 0.0765625 0.052734375
3 0.5703125 0.4453125 0.040625 0.0546875
3 0.553125 0.431640625 0.034375 0.05078125
