1 0.728125 0.3984375 0.05 0.154296875
1 0.6953125 0.40234375 0.0375 0.150390625
1 0.6546875 0.40234375 0.0375 0.1484375
3 0.7828125 0.423828125 0.05625 0.078125
3 0.85625 0.376953125 0.1421875 0.140625
3 0.8765625 0.423828125 0.1203125 0.158203125
1 0.615625 0.423828125 0.028125 0.064453125
1 0.596875 0.427734375 0.0265625 0.064453125
1 0.334375 0.443359375 0.021875 0.05859375
1 0.1171875 0.470703125 0.0203125 0.0390625
1 0.578125 0.427734375 0.0265625 0.06640625
3 0.4375 0.4453125 0.0390625 0.03515625
