3 0.0671875 0.4375 0.1703125 0.087890625
2 0.08125 0.4765625 0.0546875 0.0625
3 0.29375 0.447265625 0.0875 0.064453125
3 0.55 0.439453125 0.040625 0.041015625
3 0.6015625 0.462890625 0.034375 0.076171875
3 0.6265625 0.435546875 0.10625 0.138671875
3 0.8484375 0.466796875 0.15 0.078125
3 0.7171875 0.486328125 0.2703125 0.22265625
3 0.853125 0.54296875 0.1453125 0.34375
1 0.471875 0.4375 0.015625 0.037109375
1 0.5421875 0.439453125 0.0109375 0.041015625
1 0.5296875 0.44140625 0.0140625 0.03515625
3 0.4421875 0.4453125 0.021875 0.03125
3 0.415625 0.443359375 0.0328125 0.037109375
3 0.3875 0.439453125 0.0234375 0.03125
3 0.3640625 0.44921875 0.034375 0.05859375
