3 0.8859375 0.447265625 0.0890625 0.103515625
1 0.8078125 0.423828125 0.0453125 0.169921875
1 0.753125 0.427734375 0.0453125 0.1875
3 0.7 0.453125 0.0515625 0.08984375
1 0.596875 0.435546875 0.028125 0.109375
3 0.6546875 0.4609375 0.028125 0.01953125
3 0.625 0.4609375 0.028125 0.01953125
3 0.4671875 0.458984375 0.025 0.03515625
3 0.43125 0.462890625 0.034375 0.0390625
1 0.3921875 0.453125 0.0203125 0.0625
3 0.353125 0.45703125 0.03125 0.033203125
1 0.2828125 0.458984375 0.0234375 0.068359375
1 0.2578125 0.453125 0.0203125 0.064453125
3 0.228125 0.439453125 0.0265625 0.03125
3 0.15625 0.4375 0.053125 0.041015625
3 0.084375 0.44140625 0.0890625 0.080078125
