3 0.8765625 0.390625 0.121875 0.087890625
1 0.84375 0.369140625 0.03125 0.12890625
1 0.8140625 0.37109375 0.03125 0.134765625
1 0.76875 0.373046875 0.0375 0.09375
1 0.6796875 0.375 0.0203125 0.072265625
1 0.665625 0.376953125 0.01875 0.06640625
1 0.653125 0.376953125 0.01875 0.0703125
1 0.625 0.37890625 0.0203125 0.072265625
1 0.6125 0.390625 0.01875 0.0625
1 0.59375 0.38671875 0.0203125 0.060546875
1 0.58125 0.404296875 0.01875 0.0390625
1 0.5703125 0.39453125 0.01875 0.0546875
1 0.5578125 0.39453125 0.01875 0.052734375
1 0.51875 0.40625 0.0203125 0.05078125
1 0.4921875 0.41796875 0.015625 0.041015625
3 0.434375 0.43359375 0.03125 0.025390625
1 0.234375 0.435546875 0.0203125 0.0390625
1 0.209375 0.42578125 0.01875 0.05078125
1 0.196875 0.427734375 0.01875 0.05078125
1 0.1703125 0.421875 0.0203125 0.05078125
1 0.153125 0.41796875 0.0203125 0.060546875
3 0.0 0.435546875 0.0796875 0.140625
