3 0.0 0.51171875 0.1546875 0.1875
3 0.190625 0.50390625 0.0984375 0.08984375
3 0.2171875 0.466796875 0.1015625 0.08203125
3 0.4421875 0.453125 0.0515625 0.037109375
3 0.5890625 0.447265625 0.1125 0.1171875
3 0.6046875 0.46875 0.14375 0.1328125
3 0.9140625 0.45703125 0.0828125 0.11328125
3 0.3234375 0.47265625 0.04375 0.0546875
1 0.1515625 0.4765625 0.05 0.1328125
3 0.896875 0.71875 0.1015625 0.27734375
3 0.775 0.453125 0.034375 0.068359375
3 0.3046875 0.478515625 0.040625 0.056640625
2 0.1703125 0.546875 0.0296875 0.068359375
3 0.378125 0.439453125 0.0421875 0.044921875
