3 0.60625 0.40234375 0.0796875 0.099609375
3 0.3203125 0.400390625 0.0671875 0.0703125
3 0.1625 0.3984375 0.0734375 0.0625
3 0.0140625 0.3828125 0.0828125 0.08984375
3 0.4140625 0.3984375 0.0296875 0.052734375
1 0.5765625 0.404296875 0.025 0.091796875
1 0.553125 0.39453125 0.0234375 0.1015625
1 0.384375 0.38671875 0.0234375 0.0859375
3 0.0921875 0.390625 0.0375 0.0703125
3 0.2046875 0.404296875 0.115625 0.09765625
3 0.0515625 0.361328125 0.0984375 0.078125
3 0.4390625 0.408203125 0.0234375 0.037109375
3 0.446875 0.40234375 0.028125 0.033203125
