3 0.784375 0.42578125 0.1375 0.0625
1 0.7515625 0.431640625 0.0296875 0.134765625
3 0.73125 0.431640625 0.0203125 0.03515625
1 0.696875 0.42578125 0.0328125 0.1640625
3 0.653125 0.45703125 0.025 0.025390625
3 0.6265625 0.455078125 0.0265625 0.02734375
3 0.6015625 0.455078125 0.025 0.025390625
1 0.5765625 0.4375 0.0234375 0.099609375
3 0.4703125 0.4609375 0.034375 0.0390625
1 0.425 0.447265625 0.025 0.0625
3 0.371875 0.453125 0.034375 0.041015625
3 0.2515625 0.4453125 0.0265625 0.029296875
3 0.196875 0.44140625 0.0375 0.046875
3 0.175 0.44921875 0.03125 0.05078125
3 0.096875 0.443359375 0.0359375 0.029296875
3 0.0671875 0.4453125 0.0296875 0.029296875
3 0.00625 0.443359375 0.0609375 0.03515625
1 0.2875 0.4375 0.0171875 0.0703125
1 0.3171875 0.458984375 0.0140625 0.056640625
