1 0.8921875 0.41796875 0.0296875 0.126953125
1 0.865625 0.423828125 0.0234375 0.109375
1 0.715625 0.4375 0.01875 0.064453125
1 0.70625 0.44140625 0.0109375 0.0546875
1 0.684375 0.431640625 0.0203125 0.0625
1 0.6703125 0.4453125 0.0203125 0.052734375
1 0.6578125 0.4375 0.01875 0.06640625
1 0.628125 0.4375 0.01875 0.0625
1 0.5546875 0.447265625 0.0125 0.046875
3 0.4328125 0.44921875 0.01875 0.0390625
3 0.371875 0.435546875 0.0671875 0.083984375
3 0.3515625 0.45703125 0.0234375 0.03125
3 0.3265625 0.45703125 0.0265625 0.03515625
3 0.2703125 0.453125 0.059375 0.05859375
1 0.0828125 0.455078125 0.0234375 0.0703125
