3 0.2328125 0.466796875 0.0828125 0.078125
3 0.2890625 0.458984375 0.0546875 0.05859375
3 0.4265625 0.4296875 0.0453125 0.05078125
3 0.546875 0.4375 0.084375 0.08984375
3 0.6625 0.50390625 0.259375 0.220703125
3 0.8703125 0.447265625 0.128125 0.115234375
1 0.7015625 0.435546875 0.0203125 0.083984375
3 0.31875 0.453125 0.0453125 0.052734375
3 0.3515625 0.455078125 0.021875 0.04296875
1 0.396875 0.435546875 0.021875 0.056640625
3 0.3546875 0.4375 0.046875 0.046875
3 0.471875 0.423828125 0.025 0.03125
1 0.4890625 0.4296875 0.015625 0.044921875
3 0.53125 0.4453125 0.0296875 0.046875
3 0.5171875 0.42578125 0.0453125 0.060546875
