3 0.8578125 0.421875 0.140625 0.103515625
3 0.8046875 0.43359375 0.0984375 0.07421875
1 0.609375 0.453125 0.015625 0.048828125
1 0.59375 0.4375 0.0171875 0.0625
1 0.578125 0.4453125 0.01875 0.0546875
3 0.509375 0.439453125 0.0703125 0.04296875
3 0.453125 0.4375 0.0265625 0.03125
3 0.3984375 0.4375 0.0234375 0.0234375
3 0.375 0.43359375 0.0265625 0.025390625
3 0.36875 0.447265625 0.0296875 0.02734375
3 0.3140625 0.4375 0.0609375 0.064453125
3 0.2984375 0.443359375 0.0203125 0.03515625
3 0.26875 0.447265625 0.034375 0.0390625
3 0.2390625 0.44921875 0.04375 0.046875
3 0.1734375 0.435546875 0.0734375 0.07421875
3 0.0640625 0.4296875 0.121875 0.09765625
3 0.003125 0.435546875 0.0625 0.060546875
