3 0.8703125 0.541015625 0.128125 0.30078125
3 0.7078125 0.4921875 0.2625 0.224609375
3 0.6296875 0.47265625 0.121875 0.10546875
3 0.6125 0.453125 0.09375 0.091796875
3 0.5953125 0.4453125 0.05 0.064453125
3 0.4953125 0.4296875 0.034375 0.03125
3 0.403125 0.44140625 0.0359375 0.0390625
3 0.4265625 0.439453125 0.0234375 0.03515625
3 0.3234375 0.45703125 0.0625 0.064453125
3 0.190625 0.443359375 0.084375 0.072265625
3 0.0390625 0.458984375 0.0609375 0.083984375
3 0.04375 0.44921875 0.1015625 0.083984375
3 0.0640625 0.439453125 0.1171875 0.068359375
3 0.2234375 0.435546875 0.0921875 0.0625
3 0.5578125 0.4296875 0.0515625 0.05859375
