2 0.865625 0.423828125 0.1328125 0.259765625
2 0.0453125 0.509765625 0.0296875 0.044921875
1 0.409375 0.439453125 0.028125 0.0859375
1 0.309375 0.439453125 0.021875 0.0859375
1 0.209375 0.439453125 0.0234375 0.0546875
3 0.3546875 0.447265625 0.046875 0.048828125
1 0.0546875 0.455078125 0.0171875 0.052734375
1 0.33125 0.44140625 0.0109375 0.041015625
1 0.5515625 0.44140625 0.009375 0.0390625
1 0.7125 0.4375 0.009375 0.025390625
1 0.6921875 0.43359375 0.0171875 0.029296875
1 0.7234375 0.431640625 0.0078125 0.021484375
2 0.0265625 0.4921875 0.021875 0.0625
2 0.0 0.486328125 0.0296875 0.0703125
