3 0.125 0.458984375 0.1515625 0.10546875
3 0.275 0.453125 0.08125 0.0703125
3 0.3453125 0.435546875 0.0828125 0.076171875
3 0.578125 0.45703125 0.04375 0.06640625
3 0.603125 0.462890625 0.096875 0.1015625
3 0.7078125 0.486328125 0.2828125 0.26953125
3 0.8765625 0.59765625 0.1203125 0.33203125
1 0.521875 0.4453125 0.0171875 0.037109375
1 0.4640625 0.4453125 0.0140625 0.03515625
1 0.4296875 0.439453125 0.01875 0.03125
3 0.559375 0.447265625 0.0453125 0.046875
3 0.6328125 0.4375 0.046875 0.02734375
3 0.709375 0.44921875 0.0734375 0.0625
1 0.4515625 0.443359375 0.01875 0.037109375
