1 0.9203125 0.31640625 0.0265625 0.037109375
1 0.3890625 0.4453125 0.021875 0.072265625
3 0.340625 0.439453125 0.0515625 0.044921875
3 0.315625 0.4609375 0.0671875 0.072265625
3 0.2734375 0.46875 0.0703125 0.083984375
3 0.240625 0.47265625 0.0609375 0.1171875
3 0.0375 0.44921875 0.209375 0.2109375
3 0.5984375 0.458984375 0.0734375 0.07421875
3 0.6375 0.470703125 0.1078125 0.1328125
3 0.75625 0.537109375 0.2421875 0.29296875
3 0.571875 0.4453125 0.0515625 0.05859375
3 0.4015625 0.4453125 0.025 0.04296875
3 0.4140625 0.439453125 0.0265625 0.041015625
3 0.434375 0.4453125 0.01875 0.02734375
3 0.5515625 0.43359375 0.028125 0.0390625
3 0.5625 0.443359375 0.03125 0.041015625
1 0.525 0.42578125 0.0203125 0.0390625
