3 0.0 0.431640625 0.0796875 0.169921875
3 0.1328125 0.44921875 0.11875 0.091796875
1 0.128125 0.4296875 0.0296875 0.056640625
3 0.2046875 0.4375 0.0859375 0.0859375
3 0.325 0.44921875 0.0203125 0.048828125
3 0.34375 0.447265625 0.0171875 0.044921875
3 0.9515625 0.51953125 0.046875 0.14453125
3 0.7921875 0.427734375 0.20625 0.201171875
2 0.6203125 0.501953125 0.0234375 0.115234375
3 0.7046875 0.439453125 0.1546875 0.138671875
3 0.65 0.453125 0.078125 0.087890625
1 0.6109375 0.400390625 0.05 0.166015625
3 0.5890625 0.44921875 0.025 0.0703125
3 0.5765625 0.4609375 0.01875 0.05078125
3 0.546875 0.44921875 0.0328125 0.044921875
3 0.53125 0.443359375 0.028125 0.044921875
3 0.5171875 0.44140625 0.025 0.04296875
3 0.490625 0.455078125 0.01875 0.021484375
3 0.4625 0.455078125 0.021875 0.025390625
3 0.41875 0.453125 0.01875 0.025390625
3 0.3984375 0.453125 0.0203125 0.02734375
3 0.378125 0.44921875 0.021875 0.03125
3 0.359375 0.443359375 0.0234375 0.04296875
3 0.290625 0.447265625 0.0359375 0.056640625
