2 0.1828125 0.619140625 0.0796875 0.154296875
1 0.8171875 0.478515625 0.1 0.384765625
1 0.178125 0.478515625 0.096875 0.20703125
3 0.0 0.51953125 0.1578125 0.23046875
3 0.0078125 0.478515625 0.2 0.158203125
3 0.24375 0.462890625 0.1203125 0.1015625
3 0.321875 0.4609375 0.065625 0.064453125
3 0.3671875 0.44140625 0.0578125 0.064453125
3 0.453125 0.435546875 0.0484375 0.041015625
3 0.6375 0.439453125 0.1375 0.15234375
3 0.8890625 0.474609375 0.10625 0.412109375
1 0.5296875 0.435546875 0.0203125 0.0390625
3 0.578125 0.4296875 0.03125 0.03515625
3 0.60625 0.453125 0.03125 0.05859375
3 0.6265625 0.45703125 0.0375 0.05859375
3 0.9265625 0.431640625 0.0703125 0.05078125
3 0.4 0.435546875 0.0375 0.060546875
3 0.4265625 0.439453125 0.0234375 0.046875
3 0.5078125 0.41796875 0.021875 0.03125
