2 0.74375 0.546875 0.0828125 0.09375
2 0.8421875 0.517578125 0.0921875 0.12890625
2 0.4515625 0.474609375 0.103125 0.1640625
2 0.3609375 0.509765625 0.071875 0.12109375
2 0.240625 0.529296875 0.05625 0.07421875
2 0.259375 0.470703125 0.040625 0.068359375
2 0.178125 0.529296875 0.05 0.07421875
2 0.1390625 0.49609375 0.03125 0.056640625
1 0.796875 0.4296875 0.078125 0.1875
1 0.3890625 0.3671875 0.115625 0.251953125
1 0.246875 0.380859375 0.05625 0.134765625
1 0.1984375 0.3984375 0.0578125 0.18359375
1 0.1328125 0.431640625 0.0421875 0.09375
3 0.1546875 0.435546875 0.0546875 0.076171875
3 0.0 0.44140625 0.084375 0.12109375
3 0.5078125 0.4375 0.08125 0.08203125
3 0.33125 0.4453125 0.046875 0.05078125
3 0.2875 0.453125 0.0671875 0.0625
