3 0.65625 0.474609375 0.11875 0.11328125
3 0.621875 0.45703125 0.0796875 0.078125
3 0.6 0.453125 0.05 0.06640625
3 0.53125 0.447265625 0.0359375 0.03515625
3 0.2890625 0.435546875 0.08125 0.05078125
3 0.203125 0.42578125 0.065625 0.046875
3 0.128125 0.40625 0.0734375 0.09765625
3 0.0 0.421875 0.0859375 0.10546875
3 0.0078125 0.400390625 0.096875 0.091796875
1 0.2703125 0.43359375 0.0234375 0.07421875
18 0.246875 0.4765625 0.021875 0.029296875
3 0.959375 0.658203125 0.0390625 0.20703125
3 0.3484375 0.4375 0.0453125 0.052734375
3 0.46875 0.4453125 0.0234375 0.025390625
3 0.575 0.453125 0.04375 0.044921875
3 0.5671875 0.44921875 0.03125 0.0390625
