3 0.509375 0.4375 0.078125 0.08203125
3 0.15625 0.4375 0.0515625 0.087890625
3 0.0 0.4453125 0.034375 0.060546875
1 0.0171875 0.416015625 0.053125 0.18359375
1 0.059375 0.427734375 0.0328125 0.076171875
1 0.08125 0.41015625 0.0609375 0.166015625
1 0.13125 0.42578125 0.0515625 0.134765625
1 0.2046875 0.427734375 0.0421875 0.115234375
2 0.0 0.5234375 0.0734375 0.08203125
2 0.0921875 0.505859375 0.034375 0.087890625
2 0.2078125 0.486328125 0.0296875 0.0703125
3 0.3 0.458984375 0.021875 0.029296875
1 0.2890625 0.455078125 0.021875 0.060546875
1 0.271875 0.453125 0.0203125 0.06640625
2 0.2921875 0.498046875 0.01875 0.025390625
3 0.496875 0.45703125 0.0234375 0.044921875
3 0.48125 0.453125 0.0265625 0.04296875
3 0.3890625 0.458984375 0.0296875 0.025390625
