2 0.809375 0.546875 0.0953125 0.212890625
2 0.5640625 0.48046875 0.0328125 0.125
2 0.4078125 0.49609375 0.028125 0.142578125
2 0.4671875 0.466796875 0.015625 0.037109375
1 0.9703125 0.392578125 0.028125 0.1796875
1 0.790625 0.359375 0.1 0.3125
1 0.55625 0.3671875 0.0578125 0.2109375
1 0.5203125 0.439453125 0.01875 0.046875
1 0.459375 0.43359375 0.0265625 0.0390625
1 0.3875 0.384765625 0.0640625 0.22265625
3 0.378125 0.447265625 0.0203125 0.03515625
3 0.3578125 0.4609375 0.021875 0.02734375
2 0.2203125 0.466796875 0.0203125 0.044921875
2 0.2 0.46484375 0.021875 0.04296875
