3 0.0671875 0.443359375 0.2125 0.1640625
3 0.034375 0.443359375 0.0984375 0.046875
3 0.3421875 0.447265625 0.0375 0.03515625
3 0.4171875 0.44140625 0.0359375 0.037109375
1 0.6078125 0.421875 0.053125 0.1875
2 0.625 0.51953125 0.03125 0.099609375
1 0.6578125 0.4296875 0.021875 0.099609375
1 0.6765625 0.439453125 0.021875 0.08984375
1 0.596875 0.4453125 0.0140625 0.041015625
1 0.5875 0.4453125 0.0125 0.04296875
1 0.2734375 0.4375 0.015625 0.01953125
1 0.25 0.4296875 0.015625 0.03515625
3 0.36875 0.4453125 0.021875 0.029296875
3 0.4734375 0.447265625 0.05 0.029296875
