3 0.096875 0.41796875 0.153125 0.134765625
3 0.2265625 0.4375 0.0703125 0.08984375
3 0.2796875 0.4453125 0.05 0.064453125
3 0.3078125 0.421875 0.05625 0.078125
3 0.3640625 0.421875 0.0875 0.087890625
3 0.48125 0.427734375 0.0484375 0.0546875
3 0.5296875 0.431640625 0.0359375 0.04296875
3 0.703125 0.435546875 0.0515625 0.078125
3 0.884375 0.43359375 0.1109375 0.171875
3 0.584375 0.44140625 0.13125 0.130859375
1 0.8375 0.416015625 0.0625 0.208984375
1 0.4578125 0.4296875 0.009375 0.037109375
3 0.575 0.44140625 0.0453125 0.052734375
