2 0.56875 0.4765625 0.025 0.123046875
2 0.4859375 0.484375 0.025 0.109375
2 0.40625 0.46875 0.0125 0.06640625
2 0.8546875 0.462890625 0.0953125 0.177734375
2 0.75625 0.431640625 0.078125 0.15625
2 0.790625 0.451171875 0.071875 0.138671875
1 0.865625 0.39453125 0.040625 0.060546875
1 0.8453125 0.388671875 0.0375 0.0625
1 0.8046875 0.384765625 0.0421875 0.072265625
1 0.4421875 0.4296875 0.03125 0.087890625
3 0.0 0.4453125 0.18125 0.14453125
3 0.1390625 0.44140625 0.1 0.10546875
3 0.2140625 0.44140625 0.059375 0.080078125
3 0.365625 0.44921875 0.040625 0.03515625
2 0.9578125 0.453125 0.0375 0.212890625
2 0.6625 0.4609375 0.0234375 0.068359375
2 0.628125 0.45703125 0.034375 0.07421875
1 0.54375 0.435546875 0.0203125 0.041015625
1 0.559375 0.36328125 0.046875 0.125
1 0.475 0.39453125 0.0453125 0.095703125
1 0.4 0.41796875 0.0265625 0.056640625
