3 0.6578125 0.46484375 0.09375 0.09765625
1 0.75625 0.416015625 0.0265625 0.044921875
1 0.73125 0.4140625 0.021875 0.046875
3 0.4734375 0.4453125 0.0734375 0.072265625
3 0.121875 0.41015625 0.103125 0.095703125
3 0.16875 0.443359375 0.1296875 0.119140625
3 0.2375 0.408203125 0.04375 0.064453125
1 0.1125 0.41015625 0.03125 0.08203125
1 0.08125 0.408203125 0.0296875 0.0859375
3 0.878125 0.439453125 0.078125 0.083984375
3 0.8 0.435546875 0.059375 0.05859375
1 0.9765625 0.455078125 0.021875 0.095703125
3 0.4546875 0.42578125 0.0515625 0.0625
3 0.4375 0.4375 0.025 0.03125
3 0.2828125 0.416015625 0.0328125 0.046875
3 0.3140625 0.421875 0.0234375 0.03515625
3 0.753125 0.466796875 0.1125 0.052734375
