1 0.76875 0.439453125 0.0125 0.01953125
1 0.7375 0.43359375 0.0125 0.0234375
1 0.6984375 0.44921875 0.0109375 0.0234375
1 0.6828125 0.453125 0.0109375 0.025390625
1 0.66875 0.4609375 0.009375 0.021484375
1 0.6078125 0.455078125 0.0140625 0.044921875
1 0.596875 0.46484375 0.0109375 0.03515625
1 0.5875 0.466796875 0.0109375 0.025390625
3 0.640625 0.455078125 0.1890625 0.078125
3 0.4703125 0.453125 0.053125 0.056640625
3 0.4265625 0.474609375 0.021875 0.02734375
3 0.35 0.47265625 0.0359375 0.03515625
3 0.1828125 0.46875 0.0796875 0.05859375
3 0.9734375 0.4765625 0.025 0.0546875
