3 0.8421875 0.384765625 0.0734375 0.0859375
3 0.059375 0.373046875 0.1484375 0.091796875
2 0.1296875 0.4765625 0.0328125 0.04296875
2 0.1625 0.478515625 0.0328125 0.041015625
1 0.0890625 0.396484375 0.0375 0.095703125
1 0.1296875 0.3984375 0.0375 0.08984375
1 0.1671875 0.396484375 0.034375 0.09765625
1 0.2703125 0.390625 0.03125 0.09765625
1 0.225 0.41015625 0.0296875 0.064453125
1 0.3875 0.392578125 0.0234375 0.083984375
1 0.346875 0.38671875 0.028125 0.099609375
1 0.43125 0.408203125 0.034375 0.072265625
1 0.46875 0.40234375 0.0328125 0.0703125
1 0.509375 0.3828125 0.028125 0.0859375
2 0.0078125 0.466796875 0.046875 0.060546875
1 0.0 0.396484375 0.05 0.099609375
2 0.2484375 0.4609375 0.025 0.044921875
2 0.325 0.44921875 0.021875 0.044921875
2 0.3484375 0.4453125 0.021875 0.044921875
2 0.4046875 0.439453125 0.0234375 0.041015625
2 0.0828125 0.47265625 0.0296875 0.056640625
