2 0.41875 0.552734375 0.040625 0.203125
2 0.696875 0.568359375 0.065625 0.185546875
2 0.8515625 0.50390625 0.0609375 0.134765625
2 0.7671875 0.5 0.08125 0.154296875
2 0.5265625 0.515625 0.0296875 0.115234375
1 0.8234375 0.447265625 0.0296875 0.072265625
1 0.359375 0.46875 0.0140625 0.044921875
3 0.3265625 0.48046875 0.034375 0.029296875
3 0.2765625 0.478515625 0.0484375 0.04296875
2 0.1375 0.490234375 0.0203125 0.0546875
3 0.3734375 0.478515625 0.0125 0.01953125
1 0.678125 0.384765625 0.09375 0.279296875
1 0.5140625 0.408203125 0.053125 0.19140625
1 0.3890625 0.390625 0.096875 0.30859375
1 0.5 0.4609375 0.0125 0.046875
