3 0.0 0.517578125 0.0578125 0.216796875
3 0.10625 0.46484375 0.1359375 0.138671875
3 0.278125 0.44921875 0.0703125 0.076171875
3 0.3515625 0.44140625 0.0453125 0.044921875
3 0.6 0.443359375 0.053125 0.046875
3 0.74375 0.443359375 0.1078125 0.095703125
3 0.7046875 0.548828125 0.2921875 0.2578125
1 0.34375 0.4453125 0.028125 0.078125
1 0.2375 0.458984375 0.0421875 0.12109375
3 0.8765625 0.455078125 0.1203125 0.083984375
3 0.671875 0.453125 0.04375 0.05859375
3 0.40625 0.435546875 0.0265625 0.03125
3 0.565625 0.43359375 0.0265625 0.0234375
