3 0.5765625 0.4296875 0.071875 0.076171875
3 0.86875 0.427734375 0.0875 0.02734375
3 0.8046875 0.412109375 0.0796875 0.03125
3 0.153125 0.400390625 0.0765625 0.064453125
3 0.4703125 0.423828125 0.028125 0.05859375
1 0.7640625 0.435546875 0.0671875 0.181640625
1 0.7171875 0.455078125 0.06875 0.166015625
1 0.5390625 0.412109375 0.0484375 0.18359375
1 0.5046875 0.4140625 0.05 0.1875
1 0.4296875 0.40234375 0.0484375 0.154296875
1 0.415625 0.39453125 0.0296875 0.099609375
1 0.3734375 0.384765625 0.04375 0.162109375
1 0.334375 0.392578125 0.03125 0.140625
1 0.315625 0.392578125 0.0296875 0.107421875
1 0.28125 0.408203125 0.05625 0.146484375
1 0.2421875 0.39453125 0.0375 0.1328125
3 0.6765625 0.40625 0.0703125 0.037109375
3 0.65 0.42578125 0.071875 0.04296875
2 0.4203125 0.4453125 0.0203125 0.056640625
