3 0.86875 0.556640625 0.128125 0.240234375
3 0.7640625 0.5234375 0.1875 0.166015625
3 0.684375 0.470703125 0.1359375 0.134765625
3 0.5875 0.4453125 0.05625 0.0546875
3 0.6 0.458984375 0.0359375 0.05078125
3 0.615625 0.466796875 0.0515625 0.056640625
3 0.6390625 0.462890625 0.05625 0.087890625
3 0.553125 0.44140625 0.0296875 0.03125
3 0.49375 0.4375 0.0265625 0.029296875
1 0.5125 0.435546875 0.0140625 0.0390625
3 0.515625 0.4375 0.028125 0.0234375
1 0.325 0.435546875 0.0203125 0.044921875
1 0.3421875 0.4375 0.015625 0.04296875
1 0.353125 0.435546875 0.0140625 0.04296875
1 0.4078125 0.431640625 0.0109375 0.037109375
1 0.41875 0.43359375 0.0140625 0.03515625
