1 0.71875 0.41015625 0.015625 0.08203125
3 0.5546875 0.4296875 0.109375 0.11328125
3 0.5265625 0.41015625 0.084375 0.115234375
3 0.5171875 0.4609375 0.0140625 0.04296875
3 0.4984375 0.4453125 0.028125 0.04296875
3 0.4890625 0.439453125 0.025 0.041015625
3 0.4765625 0.44921875 0.0203125 0.025390625
3 0.4640625 0.447265625 0.0140625 0.017578125
3 0.40625 0.44921875 0.0265625 0.0234375
3 0.3734375 0.447265625 0.021875 0.03125
3 0.353125 0.44921875 0.01875 0.03125
1 0.3234375 0.435546875 0.0203125 0.033203125
2 0.3265625 0.470703125 0.01875 0.0390625
3 0.3046875 0.443359375 0.0203125 0.052734375
3 0.2515625 0.439453125 0.053125 0.064453125
3 0.2390625 0.455078125 0.040625 0.068359375
3 0.1828125 0.431640625 0.059375 0.1015625
3 0.0 0.248046875 0.1859375 0.4453125
