1 0.5640625 0.43359375 0.021875 0.0703125
1 0.746875 0.43359375 0.028125 0.041015625
1 0.434375 0.435546875 0.0203125 0.056640625
3 0.5203125 0.435546875 0.0234375 0.025390625
3 0.3015625 0.4453125 0.078125 0.07421875
3 0.640625 0.44140625 0.1109375 0.126953125
3 0.5984375 0.458984375 0.05625 0.06640625
3 0.6546875 0.478515625 0.10625 0.1328125
3 0.7203125 0.44140625 0.2765625 0.2734375
3 0.0546875 0.427734375 0.2109375 0.171875
3 0.2390625 0.439453125 0.0453125 0.05078125
1 0.4765625 0.435546875 0.021875 0.041015625
1 0.421875 0.43359375 0.0203125 0.056640625
1 0.4140625 0.4375 0.0140625 0.05078125
3 0.5828125 0.44140625 0.0609375 0.060546875
