3 0.7171875 0.3828125 0.171875 0.09765625
1 0.003125 0.37890625 0.0421875 0.134765625
1 0.190625 0.384765625 0.04375 0.12890625
1 0.240625 0.384765625 0.0453125 0.10546875
1 0.3375 0.40625 0.028125 0.06640625
1 0.3828125 0.390625 0.028125 0.083984375
1 0.1625 0.41015625 0.028125 0.056640625
1 0.134375 0.416015625 0.0328125 0.05078125
2 0.24375 0.4453125 0.040625 0.05078125
2 0.0 0.46875 0.05625 0.06640625
3 0.0015625 0.375 0.125 0.099609375
3 0.4765625 0.40625 0.040625 0.041015625
2 0.328125 0.439453125 0.040625 0.046875
1 0.065625 0.3984375 0.046875 0.109375
