3 0.0015625 0.5234375 0.159375 0.22265625
3 0.0734375 0.4921875 0.1578125 0.1640625
3 0.18125 0.474609375 0.103125 0.125
3 0.2328125 0.4453125 0.103125 0.12109375
3 0.315625 0.466796875 0.0484375 0.052734375
3 0.33125 0.447265625 0.053125 0.056640625
3 0.378125 0.4453125 0.03125 0.046875
3 0.5625 0.458984375 0.05625 0.046875
3 0.625 0.48828125 0.1578125 0.130859375
3 0.8203125 0.462890625 0.065625 0.076171875
3 0.809375 0.58203125 0.184375 0.38671875
3 0.921875 0.4765625 0.0765625 0.115234375
1 0.4234375 0.4375 0.01875 0.04296875
3 0.7171875 0.44140625 0.065625 0.078125
3 0.6765625 0.447265625 0.084375 0.0390625
3 0.8625 0.439453125 0.0546875 0.119140625
