3 0.1671875 0.4609375 0.128125 0.1015625
3 0.265625 0.46484375 0.075 0.07421875
3 0.328125 0.439453125 0.065625 0.0625
3 0.3828125 0.455078125 0.034375 0.04296875
3 0.671875 0.439453125 0.046875 0.05859375
3 0.56875 0.44921875 0.0515625 0.041015625
3 0.8484375 0.443359375 0.1359375 0.072265625
1 0.1046875 0.431640625 0.0609375 0.19921875
1 0.534375 0.44140625 0.015625 0.0390625
1 0.546875 0.4375 0.015625 0.046875
3 0.521875 0.443359375 0.01875 0.0234375
3 0.303125 0.44921875 0.0609375 0.064453125
3 0.4140625 0.44921875 0.0328125 0.044921875
3 0.4203125 0.443359375 0.0375 0.041015625
3 0.446875 0.4453125 0.0265625 0.03515625
3 0.4671875 0.44140625 0.025 0.033203125
