2 0.346875 0.529296875 0.071875 0.087890625
2 0.8546875 0.51953125 0.1109375 0.076171875
1 0.878125 0.435546875 0.0625 0.146484375
1 0.8390625 0.421875 0.028125 0.0390625
1 0.721875 0.431640625 0.0328125 0.0703125
1 0.696875 0.41796875 0.0328125 0.078125
1 0.4984375 0.509765625 0.1421875 0.279296875
1 0.325 0.40625 0.0359375 0.095703125
1 0.203125 0.375 0.1609375 0.416015625
3 0.209375 0.435546875 0.0671875 0.0546875
3 0.5453125 0.453125 0.0625 0.052734375
3 0.534375 0.447265625 0.028125 0.05078125
3 0.5265625 0.443359375 0.0265625 0.041015625
1 0.96875 0.42578125 0.0265625 0.041015625
1 0.0140625 0.408203125 0.0203125 0.0390625
1 0.0515625 0.421875 0.0203125 0.03125
1 0.0703125 0.421875 0.01875 0.02734375
3 0.1734375 0.44921875 0.0265625 0.03515625
1 0.159375 0.41796875 0.021875 0.05078125
