2 0.5390625 0.48046875 0.0390625 0.1640625
2 0.428125 0.4921875 0.03125 0.142578125
2 0.3421875 0.47265625 0.015625 0.0703125
1 0.3921875 0.4140625 0.03125 0.12109375
1 0.159375 0.451171875 0.0140625 0.04296875
3 0.0 0.43359375 0.0671875 0.142578125
3 0.24375 0.4453125 0.0734375 0.068359375
2 0.8375 0.421875 0.125 0.2734375
2 0.63125 0.462890625 0.0328125 0.099609375
1 0.69375 0.4296875 0.025 0.041015625
2 0.925 0.392578125 0.0734375 0.23828125
2 0.73125 0.490234375 0.0546875 0.103515625
2 0.678125 0.470703125 0.034375 0.08984375
2 0.659375 0.470703125 0.0265625 0.087890625
2 0.5875 0.4609375 0.0421875 0.1015625
1 0.525 0.341796875 0.0609375 0.150390625
1 0.41875 0.365234375 0.05 0.13671875
1 0.3375 0.41796875 0.028125 0.060546875
