3 0.221875 0.47265625 0.190625 0.154296875
3 0.3984375 0.494140625 0.0578125 0.091796875
3 0.4328125 0.5 0.06875 0.076171875
3 0.496875 0.5 0.0609375 0.056640625
3 0.5578125 0.505859375 0.040625 0.033203125
1 0.6921875 0.484375 0.0203125 0.099609375
1 0.7046875 0.4765625 0.0234375 0.08984375
1 0.721875 0.470703125 0.0375 0.119140625
3 0.58125 0.49609375 0.028125 0.037109375
3 0.4640625 0.48046875 0.0421875 0.044921875
3 0.7703125 0.48828125 0.1203125 0.11328125
3 0.78125 0.51171875 0.13125 0.123046875
3 0.615625 0.49609375 0.025 0.025390625
