1 0.0234375 0.41796875 0.0609375 0.134765625
1 0.7296875 0.41796875 0.025 0.091796875
1 0.4734375 0.421875 0.021875 0.0625
1 0.8640625 0.41015625 0.0484375 0.125
1 0.8953125 0.412109375 0.0421875 0.107421875
3 0.334375 0.43359375 0.10625 0.0859375
3 0.5140625 0.44140625 0.0296875 0.046875
3 0.53125 0.44140625 0.0625 0.06640625
2 0.06875 0.49609375 0.05 0.064453125
2 0.0 0.4765625 0.0578125 0.087890625
1 0.0765625 0.41796875 0.0234375 0.029296875
1 0.09375 0.421875 0.0265625 0.0390625
1 0.6546875 0.423828125 0.0234375 0.064453125
1 0.9421875 0.421875 0.0265625 0.041015625
1 0.7984375 0.4296875 0.025 0.02734375
