1 0.6375 0.404296875 0.0125 0.048828125
1 0.6125 0.404296875 0.0109375 0.044921875
1 0.603125 0.408203125 0.0109375 0.03515625
1 0.55 0.40625 0.01875 0.076171875
1 0.51875 0.408203125 0.015625 0.05859375
1 0.4921875 0.404296875 0.0203125 0.05859375
3 0.4515625 0.41796875 0.0265625 0.03125
1 0.4140625 0.412109375 0.015625 0.052734375
1 0.1171875 0.4140625 0.0125 0.07421875
1 0.103125 0.4140625 0.015625 0.076171875
1 0.0921875 0.41015625 0.0125 0.076171875
1 0.0625 0.412109375 0.0125 0.072265625
1 0.0421875 0.41015625 0.015625 0.03125
