1 0.265625 0.421875 0.03125 0.1015625
2 0.2078125 0.44140625 0.059375 0.05859375
3 0.29375 0.447265625 0.0609375 0.076171875
3 0.3296875 0.4140625 0.2015625 0.12109375
3 0.4703125 0.439453125 0.1375 0.111328125
3 0.5078125 0.42578125 0.20625 0.134765625
3 0.609375 0.4296875 0.19375 0.13671875
3 0.7265625 0.4296875 0.2359375 0.154296875
3 0.95 0.396484375 0.0484375 0.201171875
1 0.753125 0.3984375 0.0296875 0.03125
1 0.8015625 0.400390625 0.0265625 0.03125
1 0.85625 0.3984375 0.025 0.03125
1 0.8765625 0.39453125 0.025 0.033203125
1 0.8984375 0.39453125 0.021875 0.03515625
1 0.35 0.431640625 0.01875 0.015625
1 0.3359375 0.4375 0.0125 0.01171875
