1 0.7015625 0.44921875 0.021875 0.12109375
1 0.625 0.4296875 0.0625 0.140625
3 0.5 0.47265625 0.075 0.068359375
3 0.4734375 0.474609375 0.0265625 0.044921875
3 0.421875 0.48828125 0.028125 0.029296875
3 0.3890625 0.484375 0.03125 0.029296875
3 0.3640625 0.48046875 0.0234375 0.033203125
3 0.334375 0.484375 0.028125 0.033203125
3 0.3078125 0.4765625 0.0265625 0.037109375
3 0.2796875 0.48046875 0.025 0.0390625
3 0.2515625 0.48046875 0.0265625 0.041015625
3 0.21875 0.46875 0.03125 0.052734375
3 0.1046875 0.4609375 0.121875 0.1015625
3 0.0125 0.455078125 0.0921875 0.0859375
