2 0.8890625 0.517578125 0.109375 0.166015625
2 0.6390625 0.458984375 0.04375 0.1015625
2 0.7296875 0.46484375 0.040625 0.09765625
1 0.603125 0.43359375 0.025 0.076171875
1 0.60625 0.423828125 0.0234375 0.037109375
1 0.4265625 0.44140625 0.01875 0.048828125
3 0.0578125 0.44921875 0.1234375 0.08984375
3 0.20625 0.451171875 0.06875 0.05859375
3 0.259375 0.453125 0.0359375 0.046875
3 0.3234375 0.44921875 0.0328125 0.037109375
2 0.7046875 0.4609375 0.0296875 0.099609375
2 0.678125 0.45703125 0.028125 0.10546875
1 0.3015625 0.44140625 0.015625 0.029296875
2 0.3 0.46875 0.015625 0.03125
