1 0.3015625 0.44140625 0.0234375 0.087890625
1 0.3234375 0.439453125 0.021875 0.08984375
1 0.521875 0.431640625 0.0296875 0.1015625
1 0.553125 0.439453125 0.0375 0.107421875
3 0.0015625 0.45703125 0.1 0.169921875
3 0.0296875 0.4296875 0.15 0.158203125
3 0.175 0.4375 0.0546875 0.060546875
3 0.19375 0.455078125 0.10625 0.08984375
3 0.259375 0.43359375 0.059375 0.02734375
3 0.334375 0.435546875 0.0453125 0.06640625
3 0.384375 0.447265625 0.0859375 0.064453125
3 0.5765625 0.435546875 0.0984375 0.10546875
3 0.6578125 0.423828125 0.3328125 0.33203125
3 0.903125 0.42578125 0.0875 0.1015625
3 0.4734375 0.453125 0.0296875 0.0234375
