3 0.0 0.41015625 0.15 0.197265625
3 0.1015625 0.392578125 0.1578125 0.146484375
3 0.0921875 0.35546875 0.1234375 0.05859375
3 0.215625 0.376953125 0.0859375 0.103515625
3 0.2765625 0.376953125 0.0609375 0.076171875
3 0.315625 0.369140625 0.0609375 0.052734375
3 0.3421875 0.3515625 0.0578125 0.056640625
3 0.671875 0.396484375 0.1078125 0.16015625
3 0.7265625 0.359375 0.271875 0.36328125
3 0.390625 0.35546875 0.021875 0.037109375
3 0.4046875 0.359375 0.01875 0.03515625
3 0.4203125 0.361328125 0.0140625 0.02734375
3 0.4171875 0.341796875 0.0296875 0.0390625
1 0.459375 0.341796875 0.01875 0.046875
3 0.546875 0.35546875 0.0234375 0.041015625
3 0.534375 0.353515625 0.0234375 0.03515625
3 0.5984375 0.35546875 0.01875 0.03515625
1 0.7625 0.36328125 0.025 0.0390625
