1 0.79375 0.37890625 0.0296875 0.103515625
2 0.8265625 0.439453125 0.028125 0.052734375
2 0.765625 0.4453125 0.0359375 0.046875
3 0.584375 0.37109375 0.0421875 0.076171875
2 0.5296875 0.4453125 0.0359375 0.05078125
1 0.50625 0.392578125 0.021875 0.09375
1 0.478125 0.390625 0.0265625 0.083984375
2 0.4515625 0.453125 0.0390625 0.046875
3 0.465625 0.404296875 0.0203125 0.03125
3 0.4484375 0.4140625 0.01875 0.02734375
3 0.4171875 0.390625 0.015625 0.01953125
3 0.440625 0.390625 0.015625 0.01953125
3 0.446875 0.404296875 0.015625 0.01953125
3 0.38125 0.380859375 0.015625 0.021484375
3 0.3671875 0.400390625 0.025 0.04296875
3 0.353125 0.408203125 0.021875 0.046875
3 0.278125 0.392578125 0.0890625 0.091796875
