3 0.403125 0.4296875 0.15 0.14453125
3 0.5515625 0.462890625 0.0375 0.046875
2 0.1953125 0.498046875 0.03125 0.05859375
2 0.790625 0.44921875 0.021875 0.109375
2 0.6375 0.451171875 0.0421875 0.0859375
2 0.7078125 0.44921875 0.028125 0.083984375
2 0.0828125 0.478515625 0.0171875 0.056640625
1 0.0421875 0.408203125 0.0390625 0.12890625
1 0.03125 0.412109375 0.0109375 0.1171875
1 0.584375 0.42578125 0.0171875 0.052734375
1 0.309375 0.44140625 0.015625 0.0546875
1 0.2890625 0.4453125 0.0203125 0.048828125
2 0.39375 0.46484375 0.0125 0.03125
2 0.8171875 0.453125 0.021875 0.107421875
1 0.3921875 0.43359375 0.0109375 0.03125
1 0.1984375 0.427734375 0.025 0.0703125
1 0.225 0.431640625 0.015625 0.05859375
1 0.2484375 0.43359375 0.0171875 0.0546875
2 0.0453125 0.484375 0.0296875 0.05078125
2 0.0046875 0.490234375 0.028125 0.052734375
