3 0.10625 0.3984375 0.1734375 0.158203125
3 0.28125 0.439453125 0.0625 0.06640625
3 0.3390625 0.4375 0.028125 0.046875
3 0.646875 0.43359375 0.0671875 0.09765625
3 0.9625 0.42578125 0.0359375 0.1875
1 0.871875 0.40234375 0.10625 0.232421875
2 0.921875 0.529296875 0.0546875 0.138671875
2 0.88125 0.556640625 0.04375 0.08984375
2 0.7796875 0.501953125 0.0546875 0.1015625
2 0.6921875 0.50390625 0.0375 0.06640625
2 0.6296875 0.4921875 0.03125 0.0625
2 0.5828125 0.474609375 0.025 0.064453125
1 0.771875 0.41796875 0.0734375 0.158203125
1 0.6953125 0.447265625 0.0375 0.103515625
1 0.628125 0.435546875 0.034375 0.09375
1 0.5765625 0.4296875 0.0375 0.09375
3 0.5515625 0.435546875 0.034375 0.064453125
