3 0.0015625 0.494140625 0.175 0.228515625
3 0.1515625 0.498046875 0.125 0.12109375
3 0.215625 0.474609375 0.1046875 0.09375
3 0.3046875 0.4609375 0.06875 0.068359375
3 0.365625 0.44921875 0.034375 0.041015625
3 0.4 0.439453125 0.0359375 0.03515625
3 0.5640625 0.443359375 0.046875 0.05078125
3 0.603125 0.44140625 0.1453125 0.140625
3 0.684375 0.51171875 0.25 0.203125
3 0.809375 0.439453125 0.0625 0.05859375
3 0.784375 0.439453125 0.0546875 0.046875
3 0.7546875 0.43359375 0.0453125 0.056640625
3 0.425 0.42578125 0.03125 0.0390625
3 0.5453125 0.4296875 0.03125 0.04296875
1 0.9640625 0.515625 0.034375 0.16796875
