3 0.0296875 0.515625 0.2265625 0.16015625
3 0.1796875 0.494140625 0.1171875 0.12109375
3 0.2625 0.46875 0.08125 0.109375
3 0.33125 0.466796875 0.08125 0.06640625
3 0.4765625 0.44140625 0.05625 0.046875
3 0.603125 0.458984375 0.084375 0.0703125
3 0.68125 0.494140625 0.0875 0.1015625
3 0.734375 0.50390625 0.24375 0.20703125
3 0.403125 0.458984375 0.0375 0.05078125
1 0.434375 0.44921875 0.01875 0.044921875
3 0.2 0.439453125 0.0875 0.04296875
3 0.196875 0.45703125 0.0609375 0.037109375
3 0.146875 0.44921875 0.0515625 0.0625
3 0.91875 0.43359375 0.0796875 0.0703125
3 0.875 0.455078125 0.0921875 0.060546875
3 0.8203125 0.455078125 0.084375 0.046875
3 0.5796875 0.44921875 0.0453125 0.044921875
