3 0.6828125 0.41015625 0.315625 0.431640625
3 0.5046875 0.435546875 0.121875 0.11328125
3 0.4671875 0.439453125 0.040625 0.072265625
3 0.4546875 0.44140625 0.015625 0.041015625
3 0.4328125 0.455078125 0.01875 0.0234375
3 0.3765625 0.455078125 0.0234375 0.0234375
3 0.2828125 0.439453125 0.0953125 0.08203125
3 0.25625 0.431640625 0.0296875 0.083984375
3 0.2171875 0.453125 0.040625 0.068359375
3 0.18125 0.447265625 0.0375 0.08984375
3 0.10625 0.408203125 0.0796875 0.154296875
3 0.0 0.439453125 0.10625 0.162109375
3 0.059375 0.41015625 0.046875 0.033203125
