1 0.6578125 0.3828125 0.0734375 0.15625
2 0.696875 0.5390625 0.0234375 0.099609375
3 0.51875 0.458984375 0.0359375 0.0390625
3 0.5140625 0.458984375 0.015625 0.02734375
3 0.5046875 0.455078125 0.015625 0.0234375
3 0.4984375 0.4453125 0.0125 0.01953125
3 0.45625 0.453125 0.0125 0.017578125
3 0.44375 0.45703125 0.0140625 0.01953125
3 0.425 0.4609375 0.0125 0.025390625
3 0.40625 0.4609375 0.021875 0.03125
3 0.3921875 0.4609375 0.01875 0.033203125
3 0.3546875 0.46484375 0.0375 0.037109375
3 0.3328125 0.46484375 0.0234375 0.046875
3 0.3046875 0.46484375 0.03125 0.052734375
3 0.215625 0.439453125 0.090625 0.09765625
