3 0.7828125 0.423828125 0.053125 0.076171875
3 0.4671875 0.443359375 0.0515625 0.064453125
3 0.4421875 0.439453125 0.0359375 0.037109375
3 0.5203125 0.4453125 0.0734375 0.060546875
1 0.5890625 0.416015625 0.028125 0.09375
1 0.690625 0.41015625 0.05 0.162109375
1 0.7390625 0.38671875 0.046875 0.181640625
1 0.8546875 0.359375 0.1296875 0.39453125
1 0.1765625 0.4609375 0.0171875 0.041015625
3 0.0625 0.462890625 0.5578125 0.2734375
1 0.196875 0.45703125 0.01875 0.0390625
1 0.115625 0.470703125 0.021875 0.03515625
1 0.1 0.47265625 0.0203125 0.044921875
1 0.615625 0.416015625 0.01875 0.087890625
1 0.621875 0.42578125 0.025 0.078125
1 0.640625 0.41796875 0.028125 0.0859375
3 0.9390625 0.373046875 0.059375 0.0546875
