3 0.546875 0.4453125 0.065625 0.0625
3 0.2140625 0.4375 0.078125 0.05078125
1 0.3484375 0.4140625 0.0546875 0.12890625
1 0.3265625 0.380859375 0.1640625 0.416015625
1 0.6203125 0.505859375 0.128125 0.2734375
1 0.7140625 0.427734375 0.0234375 0.078125
1 0.69375 0.42578125 0.0234375 0.078125
1 0.08125 0.408203125 0.0765625 0.19140625
2 0.0578125 0.48046875 0.1578125 0.126953125
1 0.840625 0.423828125 0.0265625 0.03515625
1 0.96875 0.423828125 0.0265625 0.0390625
1 0.675 0.421875 0.0203125 0.06640625
3 0.540625 0.447265625 0.0203125 0.046875
3 0.528125 0.4453125 0.0265625 0.04296875
3 0.51875 0.435546875 0.0328125 0.05078125
1 0.4984375 0.43359375 0.0203125 0.037109375
1 0.0078125 0.40625 0.01875 0.0703125
1 0.06875 0.421875 0.025 0.029296875
1 0.05 0.423828125 0.0234375 0.029296875
3 0.175 0.4453125 0.03125 0.0390625
