1 0.1484375 0.443359375 0.0296875 0.076171875
1 0.1375 0.44921875 0.025 0.107421875
1 0.10625 0.447265625 0.03125 0.1015625
1 0.01875 0.453125 0.0921875 0.185546875
1 0.9296875 0.4609375 0.046875 0.13671875
3 0.3890625 0.4375 0.053125 0.068359375
3 0.3203125 0.435546875 0.05625 0.05078125
3 0.4890625 0.439453125 0.03125 0.03125
3 0.6203125 0.458984375 0.0515625 0.07421875
3 0.634375 0.46875 0.0859375 0.087890625
3 0.7171875 0.49609375 0.18125 0.166015625
3 0.6015625 0.4609375 0.034375 0.052734375
3 0.590625 0.458984375 0.025 0.04296875
3 0.5734375 0.4609375 0.0296875 0.033203125
