3 0.2390625 0.455078125 0.11875 0.09765625
3 0.425 0.458984375 0.034375 0.029296875
3 0.3515625 0.45703125 0.04375 0.03125
1 0.6515625 0.447265625 0.025 0.076171875
1 0.609375 0.4296875 0.0375 0.16796875
1 0.2140625 0.439453125 0.0234375 0.064453125
1 0.184375 0.43359375 0.0265625 0.064453125
2 0.615625 0.525390625 0.0234375 0.087890625
3 0.48125 0.45703125 0.046875 0.025390625
3 0.0890625 0.4453125 0.075 0.041015625
3 0.0125 0.44140625 0.053125 0.044921875
1 0.590625 0.44921875 0.009375 0.04296875
1 0.58125 0.447265625 0.0125 0.046875
