1 0.9703125 0.412109375 0.028125 0.17578125
1 0.9453125 0.42578125 0.0234375 0.15234375
1 0.8875 0.4296875 0.0375 0.150390625
1 0.846875 0.455078125 0.0359375 0.119140625
1 0.728125 0.458984375 0.0203125 0.0703125
1 0.696875 0.443359375 0.021875 0.091796875
1 0.684375 0.462890625 0.015625 0.068359375
1 0.66875 0.462890625 0.015625 0.0625
1 0.640625 0.474609375 0.015625 0.048828125
1 0.6296875 0.470703125 0.0109375 0.05078125
1 0.6015625 0.4609375 0.0140625 0.05859375
3 0.4046875 0.447265625 0.1484375 0.1484375
3 0.3703125 0.48046875 0.025 0.02734375
