1 0.275 0.412109375 0.03125 0.064453125
1 0.7375 0.43359375 0.0328125 0.083984375
3 0.084375 0.4296875 0.1 0.087890625
3 0.1390625 0.427734375 0.171875 0.1484375
3 0.3078125 0.439453125 0.09375 0.078125
3 0.3546875 0.431640625 0.0609375 0.064453125
3 0.3953125 0.427734375 0.0421875 0.0546875
3 0.584375 0.435546875 0.0515625 0.052734375
3 0.6703125 0.4375 0.0421875 0.046875
3 0.6828125 0.4375 0.0546875 0.0625
3 0.81875 0.45703125 0.178125 0.134765625
3 0.43125 0.435546875 0.021875 0.0390625
3 0.4671875 0.427734375 0.025 0.03515625
3 0.5484375 0.435546875 0.021875 0.0234375
3 0.6296875 0.4375 0.025 0.0390625
3 0.44375 0.439453125 0.0203125 0.03125
