3 0.0015625 0.529296875 0.0875 0.193359375
3 0.04375 0.478515625 0.165625 0.181640625
3 0.20625 0.47265625 0.065625 0.0859375
1 0.2640625 0.44921875 0.040625 0.140625
3 0.2828125 0.470703125 0.0453125 0.0625
3 0.315625 0.4609375 0.05 0.0546875
3 0.55625 0.458984375 0.05625 0.064453125
2 0.5765625 0.4765625 0.084375 0.0625
3 0.7796875 0.458984375 0.0671875 0.07421875
3 0.915625 0.466796875 0.05 0.0625
3 0.93125 0.4375 0.0671875 0.068359375
3 0.6390625 0.4375 0.0453125 0.05078125
3 0.353125 0.439453125 0.046875 0.046875
3 0.390625 0.443359375 0.0265625 0.029296875
2 0.9515625 0.568359375 0.0453125 0.07421875
