3 0.39375 0.4453125 0.05625 0.0546875
3 0.7828125 0.421875 0.053125 0.083984375
3 0.85625 0.373046875 0.1359375 0.14453125
3 0.9015625 0.4375 0.096875 0.103515625
1 0.7453125 0.421875 0.0359375 0.125
1 0.6984375 0.40234375 0.046875 0.150390625
1 0.640625 0.421875 0.03125 0.1015625
1 0.5734375 0.435546875 0.0234375 0.0625
1 0.5921875 0.4296875 0.0265625 0.064453125
1 0.5515625 0.435546875 0.0125 0.05078125
1 0.5421875 0.435546875 0.0109375 0.046875
1 0.159375 0.458984375 0.01875 0.044921875
1 0.1 0.462890625 0.0234375 0.052734375
1 0.3765625 0.4453125 0.0125 0.03125
