3 0.0015625 0.50390625 0.1625 0.22265625
3 0.1296875 0.49609375 0.1296875 0.1328125
3 0.2125 0.48046875 0.084375 0.08984375
3 0.265625 0.453125 0.08125 0.087890625
3 0.5703125 0.439453125 0.0625 0.083984375
3 0.5890625 0.466796875 0.053125 0.09375
3 0.6125 0.46484375 0.1328125 0.130859375
3 0.6875 0.525390625 0.21875 0.208984375
3 0.7875 0.529296875 0.2109375 0.458984375
3 0.3828125 0.439453125 0.0421875 0.041015625
3 0.4296875 0.4296875 0.021875 0.03515625
1 0.5203125 0.4296875 0.021875 0.0546875
1 0.503125 0.4296875 0.01875 0.052734375
3 0.534375 0.435546875 0.040625 0.0546875
3 0.340625 0.458984375 0.0328125 0.0546875
1 0.16875 0.44921875 0.028125 0.041015625
3 0.1515625 0.435546875 0.053125 0.025390625
