3 0.7796875 0.427734375 0.0625 0.072265625
3 0.853125 0.376953125 0.1453125 0.15234375
3 0.903125 0.4296875 0.09375 0.119140625
1 0.6875 0.421875 0.0296875 0.14453125
1 0.715625 0.384765625 0.0515625 0.181640625
1 0.1578125 0.45703125 0.0203125 0.052734375
1 0.5421875 0.435546875 0.015625 0.04296875
3 0.6328125 0.431640625 0.025 0.033203125
1 0.3671875 0.447265625 0.0125 0.029296875
1 0.1171875 0.474609375 0.021875 0.033203125
1 0.1015625 0.466796875 0.021875 0.05859375
1 0.5796875 0.4296875 0.01875 0.0546875
