1 0.540625 0.455078125 0.0203125 0.046875
1 0.553125 0.44921875 0.0234375 0.052734375
1 0.3890625 0.439453125 0.0203125 0.05078125
3 0.0 0.40234375 0.0703125 0.21484375
3 0.0625 0.44921875 0.11875 0.15234375
3 0.6078125 0.44921875 0.140625 0.138671875
3 0.634375 0.4765625 0.2 0.193359375
3 0.703125 0.498046875 0.2921875 0.3046875
3 0.309375 0.44921875 0.046875 0.033203125
3 0.75625 0.43359375 0.125 0.06640625
3 0.4484375 0.453125 0.0359375 0.037109375
1 0.4296875 0.443359375 0.0234375 0.04296875
1 0.4140625 0.443359375 0.021875 0.04296875
1 0.375 0.4375 0.0203125 0.05078125
1 0.3421875 0.439453125 0.0203125 0.04296875
3 0.146875 0.42578125 0.0796875 0.0859375
