1 0.7796875 0.310546875 0.1484375 0.4921875
3 0.8578125 0.3828125 0.1375 0.3046875
3 0.6203125 0.4296875 0.146875 0.189453125
3 0.35 0.37890625 0.28125 0.189453125
3 0.3296875 0.44140625 0.0375 0.091796875
3 0.3046875 0.43359375 0.0578125 0.091796875
3 0.23125 0.44140625 0.0359375 0.0625
1 0.2515625 0.427734375 0.0421875 0.125
1 0.1484375 0.431640625 0.025 0.08203125
1 0.084375 0.427734375 0.03125 0.099609375
3 0.190625 0.44921875 0.040625 0.068359375
3 0.175 0.44921875 0.01875 0.060546875
3 0.1203125 0.4453125 0.034375 0.05078125
3 0.28125 0.44140625 0.034375 0.033203125
