1 0.90625 0.275390625 0.0921875 0.53125
1 0.578125 0.3203125 0.165625 0.48828125
1 0.3796875 0.4296875 0.03125 0.103515625
1 0.3421875 0.435546875 0.025 0.1015625
3 0.74375 0.421875 0.20625 0.21484375
3 0.7375 0.40625 0.075 0.11328125
3 0.5671875 0.408203125 0.0609375 0.1875
3 0.49375 0.44921875 0.06875 0.11328125
3 0.4421875 0.4296875 0.140625 0.115234375
3 0.0203125 0.4375 0.1234375 0.107421875
3 0.0953125 0.4453125 0.0578125 0.060546875
3 0.0015625 0.435546875 0.0703125 0.1171875
3 0.415625 0.458984375 0.0359375 0.052734375
