3 0.93125 0.423828125 0.065625 0.0703125
3 0.9546875 0.517578125 0.04375 0.107421875
3 0.8625 0.431640625 0.0734375 0.0625
3 0.7671875 0.404296875 0.096875 0.087890625
1 0.68125 0.392578125 0.0265625 0.052734375
1 0.6421875 0.376953125 0.0203125 0.029296875
3 0.39375 0.40625 0.0328125 0.05078125
3 0.4046875 0.3984375 0.403125 0.1796875
3 0.3421875 0.42578125 0.0328125 0.029296875
3 0.2828125 0.400390625 0.05625 0.068359375
3 0.2 0.427734375 0.103125 0.099609375
3 0.0125 0.421875 0.1546875 0.125
