3 0.2703125 0.412109375 0.071875 0.06640625
2 0.678125 0.486328125 0.0296875 0.07421875
2 0.65625 0.5 0.0234375 0.052734375
1 0.6515625 0.412109375 0.0546875 0.126953125
1 0.6125 0.4375 0.040625 0.103515625
2 0.6203125 0.48828125 0.025 0.064453125
2 0.584375 0.48046875 0.01875 0.052734375
1 0.578125 0.4296875 0.0328125 0.095703125
1 0.515625 0.421875 0.028125 0.072265625
2 0.5203125 0.455078125 0.0203125 0.056640625
1 0.4890625 0.416015625 0.0234375 0.06640625
2 0.49375 0.455078125 0.01875 0.037109375
