3 0.7546875 0.408203125 0.0484375 0.0546875
3 0.9171875 0.384765625 0.0734375 0.087890625
3 0.121875 0.375 0.1578125 0.09375
2 0.2296875 0.466796875 0.059375 0.0546875
1 0.240625 0.41796875 0.0375 0.08203125
1 0.053125 0.37890625 0.0609375 0.115234375
2 0.05625 0.462890625 0.065625 0.072265625
1 0.325 0.39453125 0.0375 0.091796875
2 0.3078125 0.45703125 0.0671875 0.05078125
1 0.4140625 0.380859375 0.0265625 0.10546875
1 0.5734375 0.39453125 0.03125 0.07421875
1 0.5390625 0.404296875 0.028125 0.060546875
1 0.5015625 0.40234375 0.0296875 0.0703125
1 0.465625 0.37890625 0.03125 0.08203125
1 0.446875 0.39453125 0.0328125 0.078125
2 0.153125 0.4609375 0.05625 0.0703125
2 0.45 0.439453125 0.04375 0.0546875
1 0.15625 0.400390625 0.046875 0.083984375
1 0.390625 0.41015625 0.03125 0.0390625
2 0.0234375 0.484375 0.0296875 0.05078125
