1 0.9 0.4140625 0.034375 0.123046875
1 0.83125 0.431640625 0.01875 0.07421875
1 0.6453125 0.427734375 0.015625 0.056640625
3 0.5265625 0.421875 0.065625 0.07421875
3 0.5125 0.4375 0.0203125 0.0390625
3 0.4984375 0.435546875 0.01875 0.033203125
3 0.4640625 0.43359375 0.034375 0.044921875
3 0.446875 0.4296875 0.01875 0.0234375
3 0.4296875 0.43359375 0.0203125 0.029296875
3 0.3765625 0.4375 0.0359375 0.0390625
3 0.275 0.431640625 0.053125 0.0703125
3 0.24375 0.412109375 0.0390625 0.08984375
3 0.1328125 0.396484375 0.1171875 0.119140625
3 0.0 0.42578125 0.159375 0.12109375
