3 0.003125 0.4921875 0.2046875 0.208984375
3 0.1734375 0.4765625 0.121875 0.14453125
3 0.2328125 0.4609375 0.084375 0.1015625
3 0.28125 0.4609375 0.0546875 0.078125
3 0.61875 0.470703125 0.1046875 0.091796875
3 0.6640625 0.505859375 0.2078125 0.1484375
3 0.790625 0.548828125 0.2078125 0.232421875
2 0.440625 0.509765625 0.028125 0.08203125
1 0.559375 0.4609375 0.04375 0.123046875
1 0.440625 0.431640625 0.0359375 0.140625
1 0.3890625 0.431640625 0.01875 0.052734375
1 0.3421875 0.421875 0.0203125 0.056640625
1 0.3265625 0.42578125 0.01875 0.05078125
1 0.315625 0.423828125 0.01875 0.04296875
3 0.534375 0.443359375 0.040625 0.041015625
3 0.4734375 0.43359375 0.0265625 0.033203125
3 0.875 0.453125 0.1 0.052734375
3 0.8234375 0.44921875 0.0546875 0.05078125
