3 0.03125 0.48828125 0.18125 0.154296875
3 0.171875 0.478515625 0.103125 0.103515625
3 0.24375 0.46875 0.0578125 0.087890625
3 0.31875 0.44140625 0.059375 0.068359375
3 0.490625 0.4375 0.0421875 0.0390625
3 0.7515625 0.458984375 0.0921875 0.09765625
3 0.7046875 0.4375 0.1203125 0.076171875
3 0.565625 0.44921875 0.0546875 0.0625
1 0.528125 0.443359375 0.021875 0.068359375
1 0.55 0.447265625 0.021875 0.076171875
2 0.553125 0.484375 0.0203125 0.068359375
1 0.4 0.439453125 0.01875 0.05078125
2 0.403125 0.46484375 0.0125 0.025390625
3 0.6625 0.44140625 0.06875 0.0703125
1 0.4515625 0.42578125 0.0140625 0.041015625
1 0.4390625 0.427734375 0.015625 0.04296875
