3 0.79375 0.283203125 0.2046875 0.40625
3 0.7203125 0.4609375 0.0734375 0.130859375
3 0.6875 0.408203125 0.115625 0.166015625
1 0.6515625 0.435546875 0.0203125 0.13671875
3 0.6109375 0.458984375 0.0421875 0.09765625
3 0.553125 0.455078125 0.0609375 0.07421875
3 0.4546875 0.400390625 0.103125 0.181640625
1 0.4140625 0.392578125 0.05625 0.14453125
2 0.4234375 0.53515625 0.0328125 0.138671875
1 0.384375 0.43359375 0.0203125 0.052734375
2 0.3828125 0.48828125 0.01875 0.041015625
3 0.3265625 0.4453125 0.0484375 0.06640625
3 0.2578125 0.43359375 0.0890625 0.107421875
3 0.15625 0.447265625 0.1359375 0.130859375
3 0.178125 0.421875 0.0890625 0.029296875
1 0.09375 0.373046875 0.0625 0.296875
1 0.0234375 0.376953125 0.0375 0.107421875
3 0.0 0.33984375 0.0671875 0.31640625
3 0.021875 0.54296875 0.059375 0.09765625
