3 0.8140625 0.59765625 0.1828125 0.384765625
3 0.615625 0.48046875 0.1375 0.125
3 0.59375 0.46875 0.0859375 0.091796875
3 0.3328125 0.443359375 0.0515625 0.0546875
3 0.271875 0.458984375 0.0703125 0.080078125
3 0.11875 0.4375 0.159375 0.166015625
1 0.33125 0.439453125 0.0265625 0.091796875
2 0.3375 0.48828125 0.0203125 0.0546875
3 0.371875 0.439453125 0.0265625 0.04296875
3 0.3828125 0.42578125 0.034375 0.044921875
1 0.4703125 0.421875 0.015625 0.0546875
3 0.48125 0.423828125 0.0234375 0.029296875
1 0.428125 0.421875 0.0203125 0.056640625
1 0.5015625 0.4296875 0.03125 0.044921875
3 0.5125 0.43359375 0.028125 0.044921875
3 0.540625 0.42578125 0.0609375 0.0703125
3 0.5765625 0.44140625 0.078125 0.083984375
