3 0.6015625 0.453125 0.053125 0.09375
1 0.5671875 0.435546875 0.0234375 0.0625
1 0.5390625 0.44140625 0.01875 0.05078125
1 0.43125 0.435546875 0.021875 0.0546875
1 0.2796875 0.421875 0.021875 0.072265625
1 0.2453125 0.4140625 0.025 0.091796875
1 0.2234375 0.416015625 0.025 0.087890625
1 0.1984375 0.4140625 0.0296875 0.08984375
1 0.175 0.416015625 0.028125 0.083984375
1 0.14375 0.396484375 0.028125 0.041015625
3 0.625 0.4453125 0.1375 0.13671875
1 0.853125 0.44140625 0.0203125 0.0390625
1 0.5015625 0.4375 0.015625 0.037109375
1 0.515625 0.4375 0.0125 0.0390625
1 0.525 0.4375 0.009375 0.0390625
1 0.3453125 0.42578125 0.01875 0.041015625
2 0.0375 0.5 0.028125 0.0546875
2 0.00625 0.52734375 0.0328125 0.05859375
2 0.359375 0.462890625 0.0234375 0.029296875
