3 0.8953125 0.416015625 0.0375 0.04296875
3 0.7265625 0.43359375 0.0359375 0.041015625
1 0.6703125 0.43359375 0.0203125 0.04296875
1 0.64375 0.44140625 0.021875 0.044921875
3 0.63125 0.4453125 0.034375 0.037109375
3 0.5015625 0.455078125 0.0375 0.037109375
3 0.425 0.443359375 0.053125 0.0546875
3 0.40625 0.4453125 0.025 0.03515625
3 0.109375 0.451171875 0.0859375 0.08203125
3 0.340625 0.453125 0.0296875 0.03515625
3 0.3078125 0.458984375 0.0328125 0.033203125
3 0.2640625 0.455078125 0.0453125 0.046875
3 0.2390625 0.4609375 0.028125 0.037109375
1 0.946875 0.40234375 0.0203125 0.052734375
3 0.853125 0.421875 0.04375 0.04296875
