2 0.2515625 0.529296875 0.05 0.072265625
2 0.3078125 0.515625 0.0375 0.078125
1 0.271875 0.42578125 0.0671875 0.146484375
1 0.225 0.423828125 0.0515625 0.169921875
1 0.5140625 0.44140625 0.028125 0.046875
1 0.740625 0.439453125 0.0203125 0.064453125
1 0.7703125 0.44140625 0.025 0.0703125
1 0.903125 0.4453125 0.021875 0.06640625
1 0.925 0.44140625 0.071875 0.189453125
3 0.8078125 0.455078125 0.090625 0.052734375
3 0.696875 0.455078125 0.0484375 0.064453125
3 0.5625 0.435546875 0.1484375 0.10546875
3 0.4125 0.4609375 0.1296875 0.087890625
3 0.3125 0.462890625 0.1015625 0.09375
2 0.1703125 0.498046875 0.04375 0.06640625
1 0.496875 0.44140625 0.021875 0.03125
1 0.465625 0.44140625 0.0203125 0.025390625
1 0.4234375 0.4375 0.01875 0.03515625
1 0.3734375 0.439453125 0.0234375 0.037109375
1 0.4453125 0.439453125 0.01875 0.02734375
