2 0.534375 0.537109375 0.021875 0.08203125
2 0.309375 0.4921875 0.028125 0.0703125
1 0.5828125 0.46484375 0.0234375 0.109375
1 0.5203125 0.45703125 0.05 0.125
1 0.3140625 0.45703125 0.025 0.087890625
3 0.9359375 0.490234375 0.0625 0.111328125
3 0.853125 0.462890625 0.1125 0.126953125
3 0.725 0.443359375 0.0921875 0.072265625
3 0.61875 0.462890625 0.1484375 0.14453125
3 0.0015625 0.53515625 0.06875 0.171875
3 0.0375 0.50390625 0.1609375 0.15625
3 0.2203125 0.455078125 0.1 0.109375
3 0.3890625 0.443359375 0.0265625 0.046875
3 0.409375 0.443359375 0.0359375 0.0390625
1 0.4671875 0.427734375 0.0140625 0.04296875
1 0.4546875 0.427734375 0.0125 0.04296875
1 0.4453125 0.42578125 0.0109375 0.04296875
3 0.846875 0.4375 0.090625 0.0390625
