1 0.896875 0.564453125 0.096875 0.3515625
1 0.621875 0.45703125 0.05625 0.169921875
3 0.6828125 0.48046875 0.15 0.12109375
3 0.8328125 0.46484375 0.0796875 0.103515625
3 0.7875 0.45703125 0.084375 0.064453125
3 0.578125 0.458984375 0.059375 0.083984375
3 0.4203125 0.447265625 0.05 0.05859375
3 0.3578125 0.45703125 0.059375 0.09375
3 0.2671875 0.439453125 0.1 0.13671875
3 0.228125 0.490234375 0.0953125 0.125
3 0.053125 0.46484375 0.1984375 0.232421875
3 0.0 0.509765625 0.0921875 0.255859375
2 0.6375 0.5703125 0.0421875 0.109375
3 0.721875 0.439453125 0.0375 0.05078125
1 0.50625 0.431640625 0.0203125 0.056640625
1 0.4875 0.43359375 0.01875 0.0546875
1 0.4765625 0.431640625 0.01875 0.0546875
