2 0.5765625 0.478515625 0.0328125 0.103515625
2 0.496875 0.48046875 0.0234375 0.1015625
2 0.4375 0.46875 0.015625 0.0625
1 0.475 0.4296875 0.021875 0.080078125
1 0.8328125 0.40625 0.0296875 0.0546875
2 0.8390625 0.45703125 0.0453125 0.123046875
2 0.71875 0.46875 0.0484375 0.099609375
3 0.15 0.451171875 0.125 0.09765625
3 0.246875 0.447265625 0.0578125 0.076171875
3 0.28125 0.447265625 0.040625 0.05859375
2 0.6875 0.4609375 0.034375 0.091796875
3 0.4578125 0.44921875 0.01875 0.029296875
2 0.775 0.43359375 0.0625 0.146484375
2 0.6625 0.44921875 0.0234375 0.076171875
1 0.578125 0.376953125 0.0421875 0.1015625
1 0.496875 0.412109375 0.0265625 0.072265625
1 0.4296875 0.41796875 0.025 0.052734375
3 0.38125 0.453125 0.0203125 0.01953125
2 0.1140625 0.4765625 0.0328125 0.05078125
