1 0.7734375 0.41015625 0.021875 0.06640625
1 0.734375 0.412109375 0.021875 0.0625
1 0.728125 0.421875 0.0109375 0.037109375
1 0.7046875 0.416015625 0.0203125 0.056640625
1 0.6703125 0.4140625 0.0140625 0.046875
1 0.646875 0.423828125 0.0171875 0.041015625
3 0.5890625 0.41796875 0.0515625 0.060546875
3 0.5703125 0.421875 0.01875 0.03515625
3 0.5453125 0.412109375 0.0203125 0.0234375
3 0.521875 0.43359375 0.025 0.025390625
3 0.465625 0.42578125 0.03125 0.033203125
3 0.4203125 0.431640625 0.0484375 0.052734375
3 0.196875 0.42578125 0.1640625 0.1328125
3 0.0296875 0.435546875 0.1578125 0.125
