1 0.5671875 0.466796875 0.0203125 0.08984375
1 0.590625 0.462890625 0.0203125 0.078125
1 0.6046875 0.44921875 0.04375 0.130859375
3 0.0015625 0.4453125 0.1734375 0.23828125
3 0.14375 0.47265625 0.1171875 0.146484375
3 0.228125 0.484375 0.103125 0.1015625
3 0.30625 0.458984375 0.0625 0.060546875
3 0.3375 0.478515625 0.0734375 0.06640625
3 0.403125 0.48046875 0.0296875 0.052734375
3 0.4296875 0.48046875 0.040625 0.041015625
3 0.68125 0.462890625 0.1375 0.154296875
3 0.7015625 0.49609375 0.1875 0.1484375
1 0.434375 0.462890625 0.015625 0.01953125
3 0.4671875 0.47265625 0.0234375 0.03515625
3 0.490625 0.47265625 0.0234375 0.0234375
3 0.6546875 0.470703125 0.046875 0.107421875
