1 0.9296875 0.44921875 0.034375 0.140625
1 0.884375 0.45703125 0.034375 0.138671875
1 0.8515625 0.44921875 0.01875 0.14453125
1 0.828125 0.44921875 0.025 0.125
1 0.80625 0.462890625 0.025 0.115234375
1 0.7890625 0.47265625 0.0125 0.083984375
1 0.734375 0.4765625 0.01875 0.08984375
1 0.709375 0.46875 0.021875 0.09375
1 0.621875 0.4609375 0.0171875 0.05859375
1 0.665625 0.474609375 0.01875 0.076171875
1 0.7578125 0.46484375 0.0203125 0.109375
1 0.6875 0.474609375 0.021875 0.083984375
1 0.65 0.46484375 0.015625 0.05859375
3 0.4 0.439453125 0.0203125 0.0234375
3 0.3671875 0.439453125 0.0265625 0.02734375
3 0.4203125 0.453125 0.0671875 0.029296875
3 0.38125 0.462890625 0.025 0.02734375
3 0.3421875 0.45703125 0.021875 0.02734375
3 0.346875 0.470703125 0.05 0.04296875
3 0.29375 0.470703125 0.0375 0.05078125
3 0.36875 0.490234375 0.0734375 0.10546875
3 0.4203125 0.478515625 0.1546875 0.146484375
1 0.3296875 0.466796875 0.0109375 0.046875
1 0.2765625 0.46875 0.0171875 0.044921875
1 0.2234375 0.462890625 0.0109375 0.052734375
1 0.2125 0.46875 0.0140625 0.056640625
1 0.1828125 0.46875 0.015625 0.0546875
1 0.1640625 0.470703125 0.015625 0.05078125
1 0.153125 0.47265625 0.0140625 0.048828125
1 0.125 0.486328125 0.021875 0.083984375
3 0.0234375 0.4765625 0.103125 0.08203125
