3 0.6625 0.46875 0.1953125 0.1796875
3 0.5796875 0.45703125 0.0625 0.0703125
3 0.4234375 0.443359375 0.034375 0.03515625
3 0.4046875 0.439453125 0.03125 0.046875
3 0.35625 0.4375 0.0578125 0.05859375
3 0.3171875 0.44921875 0.040625 0.064453125
3 0.26875 0.44921875 0.0609375 0.083984375
3 0.1484375 0.447265625 0.140625 0.115234375
3 0.0015625 0.412109375 0.0984375 0.23046875
3 0.5578125 0.45703125 0.0296875 0.044921875
3 0.55 0.45703125 0.01875 0.03125
1 0.5140625 0.443359375 0.0140625 0.029296875
1 0.4953125 0.44140625 0.0203125 0.037109375
