1 0.9328125 0.412109375 0.034375 0.072265625
1 0.7734375 0.427734375 0.0234375 0.072265625
1 0.775 0.4453125 0.0203125 0.05078125
1 0.7515625 0.466796875 0.0140625 0.025390625
1 0.725 0.455078125 0.015625 0.03125
3 0.809375 0.46875 0.1890625 0.3359375
3 0.4625 0.412109375 0.1265625 0.1484375
3 0.3703125 0.4296875 0.16875 0.1875
3 0.3171875 0.46484375 0.05625 0.07421875
3 0.2890625 0.462890625 0.028125 0.033203125
3 0.0828125 0.453125 0.078125 0.083984375
3 0.1703125 0.474609375 0.03125 0.0390625
3 0.0 0.4609375 0.1078125 0.142578125
1 0.209375 0.404296875 0.0609375 0.173828125
