1 0.903125 0.408203125 0.0171875 0.029296875
1 0.8765625 0.408203125 0.01875 0.05078125
1 0.859375 0.408203125 0.01875 0.05859375
3 0.6 0.400390625 0.2125 0.21484375
3 0.5578125 0.41796875 0.0734375 0.134765625
3 0.4953125 0.439453125 0.0453125 0.05078125
3 0.4296875 0.43359375 0.0484375 0.05859375
3 0.3375 0.44140625 0.0265625 0.044921875
3 0.3046875 0.44140625 0.03125 0.056640625
3 0.2578125 0.443359375 0.0453125 0.06640625
3 0.225 0.458984375 0.059375 0.060546875
3 0.1578125 0.4375 0.0734375 0.10546875
3 0.034375 0.4453125 0.1359375 0.1328125
