1 0.7046875 0.45703125 0.025 0.0703125
1 0.9171875 0.384765625 0.08125 0.5703125
3 0.0 0.443359375 0.184375 0.25
3 0.1453125 0.453125 0.134375 0.16015625
3 0.3515625 0.431640625 0.0734375 0.046875
3 0.6140625 0.455078125 0.0359375 0.0390625
3 0.7421875 0.4765625 0.1671875 0.15625
3 0.8171875 0.49609375 0.1265625 0.251953125
3 0.7078125 0.486328125 0.0734375 0.091796875
3 0.56875 0.4453125 0.0296875 0.029296875
3 0.2578125 0.43359375 0.0375 0.056640625
3 0.2984375 0.421875 0.059375 0.056640625
3 0.290625 0.427734375 0.0546875 0.060546875
3 0.44375 0.44140625 0.03125 0.03125
1 0.471875 0.44140625 0.0109375 0.0390625
3 0.5234375 0.4453125 0.021875 0.025390625
3 0.6671875 0.447265625 0.075 0.09375
3 0.63125 0.45703125 0.0328125 0.052734375
3 0.046875 0.40625 0.065625 0.052734375
