2 0.809375 0.546875 0.1 0.185546875
1 0.965625 0.431640625 0.03125 0.0703125
1 0.925 0.435546875 0.040625 0.087890625
1 0.81875 0.337890625 0.0953125 0.287109375
3 0.6375 0.41015625 0.059375 0.083984375
3 0.703125 0.40625 0.0484375 0.0546875
1 0.6015625 0.4140625 0.025 0.09765625
1 0.56875 0.4140625 0.028125 0.11328125
1 0.496875 0.41796875 0.0234375 0.078125
3 0.4421875 0.43359375 0.0296875 0.03515625
3 0.371875 0.431640625 0.0453125 0.03515625
1 0.34375 0.435546875 0.01875 0.046875
3 0.1703125 0.42578125 0.171875 0.12890625
3 0.1703125 0.423828125 0.0375 0.029296875
3 0.0984375 0.421875 0.0453125 0.03515625
3 0.003125 0.40625 0.1 0.11328125
