1 0.80625 0.392578125 0.059375 0.25
1 0.7625 0.4609375 0.0375 0.171875
1 0.7109375 0.42578125 0.046875 0.173828125
1 0.653125 0.4296875 0.0328125 0.1484375
3 0.6890625 0.46484375 0.01875 0.0390625
3 0.575 0.44921875 0.065625 0.060546875
3 0.5328125 0.447265625 0.034375 0.060546875
3 0.4671875 0.45703125 0.0453125 0.041015625
3 0.3421875 0.439453125 0.125 0.1328125
3 0.325 0.44921875 0.021875 0.0390625
3 0.29375 0.4609375 0.028125 0.046875
3 0.1953125 0.435546875 0.0984375 0.10546875
3 0.0 0.369140625 0.196875 0.26171875
