1 0.525 0.43359375 0.028125 0.087890625
1 0.475 0.4296875 0.0296875 0.08203125
3 0.1296875 0.490234375 0.16875 0.14453125
3 0.2828125 0.470703125 0.0828125 0.08203125
3 0.3453125 0.4609375 0.0515625 0.0703125
3 0.359375 0.4453125 0.0609375 0.0703125
3 0.415625 0.447265625 0.0359375 0.041015625
3 0.5875 0.44921875 0.046875 0.080078125
3 0.640625 0.462890625 0.0859375 0.095703125
3 0.665625 0.48046875 0.0703125 0.119140625
3 0.6921875 0.455078125 0.2625 0.244140625
1 0.571875 0.453125 0.034375 0.083984375
2 0.4796875 0.474609375 0.01875 0.04296875
3 0.603125 0.462890625 0.0546875 0.076171875
3 0.0 0.46875 0.05 0.1015625
