3 0.684375 0.50390625 0.2 0.162109375
3 0.609375 0.46484375 0.1046875 0.09765625
3 0.384375 0.453125 0.028125 0.0546875
3 0.328125 0.4453125 0.0625 0.072265625
3 0.2390625 0.44140625 0.103125 0.134765625
3 0.1703125 0.466796875 0.1265625 0.146484375
3 0.003125 0.4765625 0.2078125 0.21484375
3 0.759375 0.439453125 0.046875 0.044921875
3 0.70625 0.44140625 0.0359375 0.0625
1 0.6421875 0.44140625 0.01875 0.029296875
3 0.51875 0.421875 0.0234375 0.0234375
3 0.0125 0.4609375 0.10625 0.064453125
3 0.4296875 0.435546875 0.03125 0.03515625
