3 0.1171875 0.44140625 0.1734375 0.150390625
3 0.303125 0.443359375 0.0921875 0.091796875
3 0.3828125 0.470703125 0.0265625 0.04296875
3 0.3828125 0.45703125 0.0375 0.046875
3 0.425 0.45703125 0.0265625 0.029296875
3 0.6265625 0.458984375 0.1 0.099609375
3 0.69375 0.474609375 0.209375 0.189453125
3 0.809375 0.513671875 0.1890625 0.318359375
3 0.615625 0.46875 0.0375 0.05859375
3 0.6015625 0.466796875 0.03125 0.046875
3 0.5453125 0.455078125 0.034375 0.04296875
1 0.5328125 0.45703125 0.0203125 0.044921875
1 0.51875 0.45703125 0.0203125 0.044921875
