1 0.9421875 0.435546875 0.05625 0.4765625
3 0.7703125 0.400390625 0.16875 0.212890625
1 0.6921875 0.404296875 0.0796875 0.365234375
1 0.6578125 0.431640625 0.0640625 0.30078125
3 0.5625 0.435546875 0.0984375 0.158203125
1 0.4828125 0.31640625 0.078125 0.544921875
1 0.43125 0.40625 0.0515625 0.39453125
3 0.378125 0.443359375 0.0359375 0.03125
1 0.3125 0.43359375 0.0203125 0.0234375
3 0.1265625 0.443359375 0.25625 0.1015625
1 0.2453125 0.42578125 0.0140625 0.01953125
1 0.2140625 0.43359375 0.0171875 0.01953125
