3 0.4390625 0.390625 0.1015625 0.099609375
3 0.4203125 0.37109375 0.0859375 0.095703125
3 0.025 0.380859375 0.06875 0.1015625
3 0.146875 0.375 0.0515625 0.0703125
3 0.16875 0.35546875 0.053125 0.072265625
3 0.2046875 0.3515625 0.0515625 0.060546875
1 0.6578125 0.37890625 0.04375 0.15234375
1 0.0734375 0.373046875 0.0359375 0.0859375
1 0.0796875 0.3515625 0.0953125 0.25390625
18 0.728125 0.48046875 0.05 0.052734375
2 0.0828125 0.498046875 0.115625 0.185546875
3 0.3890625 0.369140625 0.0296875 0.037109375
3 0.2625 0.365234375 0.01875 0.03515625
