1 0.815625 0.400390625 0.071875 0.08984375
1 0.671875 0.384765625 0.0546875 0.220703125
3 0.940625 0.48046875 0.0578125 0.138671875
3 0.8875 0.43359375 0.109375 0.064453125
3 0.728125 0.42578125 0.1015625 0.140625
3 0.5703125 0.4453125 0.1 0.109375
3 0.465625 0.380859375 0.2203125 0.138671875
3 0.415625 0.384765625 0.10625 0.123046875
3 0.3421875 0.4375 0.0703125 0.060546875
3 0.096875 0.416015625 0.1328125 0.09375
3 0.0015625 0.345703125 0.13125 0.12109375
3 0.0 0.43359375 0.1359375 0.130859375
3 0.003125 0.48046875 0.096875 0.1171875
3 0.3765625 0.453125 0.0484375 0.052734375
3 0.3171875 0.447265625 0.03125 0.041015625
