2 0.0453125 0.4609375 0.075 0.09765625
2 0.1203125 0.466796875 0.0609375 0.1171875
1 0.2890625 0.423828125 0.025 0.1015625
1 0.4 0.435546875 0.021875 0.052734375
3 0.696875 0.466796875 0.053125 0.09765625
3 0.7078125 0.46484375 0.165625 0.15234375
1 0.453125 0.439453125 0.015625 0.03515625
1 0.4421875 0.4375 0.0171875 0.05078125
1 0.496875 0.4375 0.0125 0.04296875
2 0.2390625 0.45703125 0.0453125 0.091796875
3 0.6734375 0.44921875 0.0734375 0.083984375
3 0.64375 0.44921875 0.046875 0.046875
1 0.41875 0.443359375 0.01875 0.052734375
