2 0.859375 0.48046875 0.0734375 0.2109375
2 0.553125 0.453125 0.040625 0.12890625
2 0.434375 0.458984375 0.028125 0.1328125
2 0.1671875 0.431640625 0.025 0.052734375
1 0.6421875 0.3828125 0.0234375 0.103515625
2 0.4734375 0.43359375 0.0109375 0.037109375
3 0.3953125 0.416015625 0.0234375 0.0234375
1 0.6234375 0.40234375 0.0203125 0.05859375
1 0.8359375 0.2890625 0.1109375 0.318359375
1 0.540625 0.33203125 0.0609375 0.232421875
1 0.471875 0.396484375 0.0140625 0.041015625
1 0.4203125 0.345703125 0.05625 0.2265625
3 0.3796875 0.4140625 0.0203125 0.02734375
3 0.346875 0.421875 0.0296875 0.033203125
2 0.140625 0.427734375 0.021875 0.046875
