3 0.54375 0.431640625 0.0578125 0.06640625
3 0.528125 0.439453125 0.0296875 0.037109375
3 0.45 0.431640625 0.059375 0.0703125
3 0.403125 0.423828125 0.040625 0.03515625
1 0.928125 0.447265625 0.04375 0.13671875
1 0.828125 0.455078125 0.025 0.044921875
1 0.76875 0.43359375 0.0265625 0.041015625
1 0.7375 0.431640625 0.0328125 0.119140625
1 0.340625 0.4296875 0.0203125 0.041015625
1 0.5671875 0.482421875 0.1078125 0.34375
1 0.6625 0.427734375 0.01875 0.052734375
3 0.50625 0.41796875 0.0234375 0.041015625
