3 0.3234375 0.455078125 0.0875 0.078125
3 0.4015625 0.455078125 0.0546875 0.0625
3 0.4703125 0.45703125 0.046875 0.044921875
3 0.7640625 0.45703125 0.1265625 0.099609375
3 0.828125 0.44921875 0.11875 0.14453125
3 0.9734375 0.45703125 0.025 0.126953125
1 0.9078125 0.40234375 0.090625 0.23046875
2 0.925 0.54296875 0.065625 0.1328125
2 0.7046875 0.486328125 0.0296875 0.064453125
1 0.7046875 0.427734375 0.034375 0.1015625
3 0.5515625 0.4609375 0.028125 0.03125
3 0.0 0.458984375 0.0421875 0.177734375
