1 0.6328125 0.42578125 0.025 0.05859375
1 0.303125 0.453125 0.0359375 0.099609375
1 0.253125 0.439453125 0.021875 0.064453125
1 0.234375 0.44140625 0.025 0.056640625
3 0.7984375 0.4375 0.1984375 0.140625
3 0.6625 0.517578125 0.2421875 0.21484375
3 0.7578125 0.58203125 0.240625 0.4140625
3 0.334375 0.453125 0.0484375 0.052734375
3 0.0046875 0.46875 0.140625 0.09765625
1 0.6515625 0.427734375 0.0203125 0.05078125
1 0.621875 0.42578125 0.01875 0.056640625
2 0.3078125 0.525390625 0.0234375 0.05859375
3 0.01875 0.44921875 0.103125 0.037109375
3 0.0 0.46484375 0.0359375 0.1171875
3 0.4375 0.45703125 0.0328125 0.029296875
3 0.4265625 0.447265625 0.021875 0.03515625
3 0.4015625 0.447265625 0.0234375 0.025390625
