1 0.3875 0.431640625 0.0328125 0.099609375
1 0.4390625 0.423828125 0.021875 0.09375
1 0.6703125 0.39453125 0.0453125 0.1640625
1 0.709375 0.40234375 0.0375 0.146484375
3 0.7828125 0.423828125 0.053125 0.078125
3 0.8515625 0.375 0.1453125 0.1484375
3 0.9046875 0.42578125 0.09375 0.126953125
3 0.6296875 0.43359375 0.028125 0.03125
1 0.1625 0.45703125 0.01875 0.041015625
1 0.1203125 0.47265625 0.01875 0.033203125
1 0.5703125 0.427734375 0.01875 0.052734375
1 0.6140625 0.427734375 0.021875 0.056640625
1 0.596875 0.42578125 0.0203125 0.060546875
1 0.3796875 0.447265625 0.009375 0.029296875
1 0.3703125 0.44921875 0.0109375 0.029296875
1 0.359375 0.453125 0.0140625 0.02734375
2 0.39375 0.478515625 0.0171875 0.06640625
