3 0.778125 0.423828125 0.065625 0.083984375
3 0.8546875 0.380859375 0.140625 0.138671875
3 0.9 0.431640625 0.0953125 0.111328125
3 0.3125 0.458984375 0.4984375 0.2421875
1 0.665625 0.40625 0.0359375 0.099609375
1 0.1546875 0.45703125 0.0203125 0.0625
1 0.1375 0.45703125 0.0234375 0.0703125
1 0.56875 0.427734375 0.0203125 0.03515625
1 0.5875 0.427734375 0.0203125 0.033203125
1 0.65 0.421875 0.01875 0.041015625
1 0.5421875 0.435546875 0.021875 0.02734375
3 0.4375 0.447265625 0.0328125 0.02734375
3 0.7140625 0.4296875 0.034375 0.05859375
1 0.3546875 0.447265625 0.0109375 0.025390625
1 0.365625 0.44921875 0.0109375 0.02734375
1 0.3734375 0.4453125 0.009375 0.03125
1 0.1171875 0.46875 0.0203125 0.03515625
1 0.1015625 0.470703125 0.0234375 0.0546875
