1 0.084375 0.494140625 0.0578125 0.169921875
2 0.0953125 0.57421875 0.03125 0.095703125
3 0.0 0.55078125 0.071875 0.169921875
3 0.140625 0.515625 0.10625 0.1171875
3 0.2765625 0.48828125 0.05 0.068359375
3 0.2921875 0.484375 0.0609375 0.056640625
3 0.43125 0.4609375 0.0546875 0.0390625
3 0.6203125 0.48046875 0.1734375 0.15625
3 0.603125 0.45703125 0.1265625 0.13671875
3 0.175 0.478515625 0.1171875 0.107421875
1 0.178125 0.46484375 0.025 0.0390625
3 0.3734375 0.4453125 0.040625 0.041015625
3 0.578125 0.44921875 0.05 0.09375
3 0.796875 0.455078125 0.053125 0.08203125
