3 0.7421875 0.490234375 0.2546875 0.28515625
3 0.66875 0.484375 0.1609375 0.158203125
3 0.60625 0.439453125 0.090625 0.107421875
3 0.3078125 0.4453125 0.0875 0.068359375
3 0.11875 0.44140625 0.1515625 0.0859375
2 0.128125 0.486328125 0.0578125 0.0546875
3 0.4171875 0.4453125 0.034375 0.0390625
3 0.3734375 0.44921875 0.0328125 0.052734375
3 0.440625 0.447265625 0.025 0.029296875
1 0.4703125 0.443359375 0.0140625 0.03125
1 0.5265625 0.443359375 0.0125 0.037109375
1 0.5328125 0.44140625 0.0140625 0.03515625
3 0.5453125 0.44140625 0.04375 0.04296875
3 0.578125 0.4453125 0.046875 0.060546875
3 0.5890625 0.455078125 0.0328125 0.072265625
3 0.7921875 0.462890625 0.128125 0.025390625
