3 0.4140625 0.44140625 0.0578125 0.056640625
3 0.2625 0.447265625 0.0609375 0.052734375
3 0.303125 0.443359375 0.0515625 0.05078125
1 0.659375 0.4296875 0.0359375 0.140625
3 0.346875 0.447265625 0.028125 0.0390625
3 0.365625 0.443359375 0.0234375 0.0390625
3 0.38125 0.453125 0.0203125 0.033203125
3 0.39375 0.44921875 0.0203125 0.033203125
3 0.4875 0.453125 0.0234375 0.0234375
1 0.5578125 0.4453125 0.0140625 0.03515625
1 0.5796875 0.447265625 0.0140625 0.037109375
1 0.534375 0.439453125 0.015625 0.04296875
2 0.66875 0.501953125 0.021875 0.087890625
