3 0.496875 0.427734375 0.025 0.025390625
3 0.0015625 0.431640625 0.1078125 0.095703125
3 0.0 0.4609375 0.0734375 0.099609375
3 0.1234375 0.44140625 0.03125 0.08203125
3 0.2203125 0.4453125 0.11875 0.0546875
3 0.5796875 0.455078125 0.046875 0.076171875
3 0.6015625 0.45703125 0.084375 0.08984375
3 0.625 0.474609375 0.11875 0.115234375
3 0.1765625 0.435546875 0.04375 0.05859375
3 0.4265625 0.439453125 0.0265625 0.025390625
3 0.559375 0.4375 0.03125 0.044921875
3 0.284375 0.435546875 0.0671875 0.04296875
