1 0.8796875 0.375 0.11875 0.28125
3 0.5640625 0.4609375 0.09375 0.087890625
3 0.5421875 0.46875 0.0328125 0.072265625
3 0.503125 0.46484375 0.05 0.060546875
3 0.4484375 0.48046875 0.025 0.029296875
3 0.4078125 0.478515625 0.0375 0.029296875
3 0.3765625 0.47265625 0.0296875 0.03515625
3 0.3484375 0.47265625 0.0265625 0.041015625
3 0.3140625 0.47265625 0.0359375 0.041015625
3 0.278125 0.474609375 0.034375 0.041015625
3 0.2421875 0.474609375 0.034375 0.046875
3 0.2234375 0.46875 0.021875 0.0546875
3 0.1828125 0.46484375 0.0421875 0.060546875
3 0.1421875 0.46875 0.053125 0.060546875
3 0.040625 0.443359375 0.1 0.09765625
3 0.0 0.443359375 0.046875 0.109375
