1 0.94375 0.5 0.0546875 0.244140625
3 0.0953125 0.462890625 0.09375 0.0625
3 0.015625 0.5 0.19375 0.15234375
3 0.209375 0.4765625 0.1109375 0.087890625
3 0.3234375 0.44921875 0.06875 0.068359375
3 0.575 0.478515625 0.040625 0.099609375
3 0.584375 0.484375 0.1171875 0.134765625
3 0.6140625 0.501953125 0.1609375 0.169921875
1 0.4328125 0.45703125 0.0140625 0.03515625
3 0.38125 0.466796875 0.025 0.0390625
3 0.3953125 0.4453125 0.028125 0.05078125
3 0.0015625 0.47265625 0.0921875 0.0859375
3 0.55625 0.474609375 0.0484375 0.068359375
3 0.540625 0.474609375 0.0359375 0.041015625
3 0.2671875 0.466796875 0.0765625 0.078125
