3 0.10625 0.44921875 0.178125 0.166015625
3 0.278125 0.4765625 0.046875 0.0859375
3 0.3140625 0.470703125 0.046875 0.068359375
3 0.3421875 0.462890625 0.0359375 0.060546875
3 0.3578125 0.4375 0.046875 0.08203125
3 0.603125 0.462890625 0.0578125 0.07421875
3 0.625 0.470703125 0.0875 0.10546875
3 0.7078125 0.515625 0.2828125 0.228515625
1 0.4 0.4453125 0.0203125 0.060546875
1 0.0 0.4375 0.0203125 0.0390625
3 0.58125 0.45703125 0.0328125 0.0546875
3 0.5671875 0.4453125 0.0375 0.05078125
3 0.4171875 0.439453125 0.0296875 0.041015625
3 0.4390625 0.443359375 0.021875 0.029296875
3 0.4515625 0.43359375 0.021875 0.033203125
