1 0.903125 0.40625 0.03125 0.12890625
1 0.8765625 0.40625 0.028125 0.11328125
1 0.8453125 0.390625 0.0421875 0.171875
1 0.821875 0.41796875 0.0265625 0.09765625
3 0.5765625 0.421875 0.153125 0.14453125
1 0.55625 0.44140625 0.009375 0.03125
1 0.534375 0.44140625 0.009375 0.025390625
3 0.4171875 0.431640625 0.053125 0.05859375
3 0.4015625 0.44921875 0.0125 0.015625
3 0.3765625 0.4453125 0.0265625 0.029296875
3 0.3546875 0.4453125 0.021875 0.03125
1 0.2890625 0.453125 0.0125 0.0234375
3 0.1484375 0.44921875 0.0984375 0.087890625
3 0.0 0.41796875 0.115625 0.185546875
