1 0.2390625 0.408203125 0.046875 0.15625
1 0.2953125 0.4296875 0.04375 0.150390625
1 0.415625 0.416015625 0.059375 0.166015625
1 0.5015625 0.421875 0.0484375 0.16796875
1 0.546875 0.408203125 0.0578125 0.19140625
1 0.625 0.42578125 0.034375 0.16015625
1 0.6875 0.4375 0.071875 0.19140625
1 0.5546875 0.416015625 0.1078125 0.263671875
1 0.803125 0.41796875 0.0734375 0.23828125
1 0.875 0.423828125 0.046875 0.21484375
2 0.8953125 0.52734375 0.078125 0.166015625
1 0.4640625 0.416015625 0.04375 0.171875
