1 0.675 0.40625 0.040625 0.08984375
3 0.8453125 0.291015625 0.153125 0.427734375
3 0.6734375 0.412109375 0.2109375 0.23828125
3 0.403125 0.40234375 0.2421875 0.150390625
3 0.3625 0.43359375 0.053125 0.103515625
1 0.3265625 0.408203125 0.0375 0.14453125
1 0.29375 0.416015625 0.0203125 0.05078125
1 0.2765625 0.416015625 0.0171875 0.021484375
3 0.28125 0.470703125 0.0484375 0.060546875
3 0.096875 0.39453125 0.1875 0.16796875
3 0.05625 0.443359375 0.0734375 0.076171875
1 0.0296875 0.4375 0.0203125 0.046875
