3 0.3765625 0.453125 0.075 0.072265625
3 0.3640625 0.431640625 0.0625 0.072265625
3 0.1390625 0.43359375 0.0578125 0.05859375
3 0.0921875 0.44921875 0.071875 0.0703125
1 0.7578125 0.458984375 0.053125 0.099609375
18 0.7171875 0.51953125 0.03125 0.03515625
18 0.6640625 0.52734375 0.034375 0.029296875
1 0.65 0.44921875 0.0375 0.09375
1 0.2671875 0.421875 0.0203125 0.052734375
1 0.2296875 0.427734375 0.0203125 0.060546875
1 0.2125 0.42578125 0.01875 0.0625
3 0.95 0.4453125 0.0484375 0.11328125
3 0.0671875 0.427734375 0.021875 0.056640625
3 0.0453125 0.427734375 0.0203125 0.05859375
3 0.0 0.431640625 0.0578125 0.06640625
3 0.3421875 0.439453125 0.0296875 0.041015625
3 0.35 0.44140625 0.0234375 0.05078125
