1 0.003125 0.4765625 0.0265625 0.08203125
1 0.60625 0.427734375 0.025 0.076171875
1 0.7515625 0.40234375 0.05 0.17578125
1 0.8125 0.3984375 0.053125 0.166015625
3 0.8640625 0.37890625 0.134375 0.140625
3 0.9046875 0.42578125 0.0921875 0.12109375
3 0.4265625 0.45703125 0.1375 0.126953125
3 0.70625 0.43359375 0.0375 0.052734375
3 0.63125 0.435546875 0.025 0.02734375
3 0.340625 0.458984375 0.0578125 0.03125
1 0.1140625 0.46875 0.021875 0.03515625
1 0.5921875 0.431640625 0.0203125 0.0546875
1 0.5390625 0.4375 0.01875 0.04296875
1 0.56875 0.4296875 0.0203125 0.0546875
