3 0.0015625 0.470703125 0.14375 0.130859375
3 0.25625 0.455078125 0.09375 0.072265625
3 0.4203125 0.44921875 0.0375 0.037109375
3 0.709375 0.439453125 0.04375 0.056640625
3 0.7234375 0.455078125 0.025 0.044921875
3 0.746875 0.4140625 0.071875 0.091796875
3 0.5421875 0.439453125 0.015625 0.021484375
3 0.53125 0.443359375 0.0140625 0.017578125
3 0.5671875 0.44140625 0.01875 0.017578125
3 0.45 0.455078125 0.0234375 0.03125
3 0.7 0.4453125 0.028125 0.04296875
3 0.69375 0.447265625 0.0265625 0.0390625
1 0.234375 0.453125 0.01875 0.05859375
