1 0.5046875 0.4453125 0.021875 0.0625
3 0.5203125 0.466796875 0.075 0.068359375
3 0.578125 0.443359375 0.0546875 0.056640625
3 0.3046875 0.46484375 0.084375 0.08984375
3 0.253125 0.462890625 0.0328125 0.103515625
3 0.3375 0.490234375 0.1625 0.1328125
3 0.8234375 0.47265625 0.065625 0.087890625
3 0.84375 0.478515625 0.109375 0.1171875
3 0.0 0.47265625 0.0453125 0.19140625
3 0.4421875 0.44140625 0.065625 0.072265625
3 0.7671875 0.45703125 0.0234375 0.041015625
3 0.7515625 0.447265625 0.0234375 0.03515625
3 0.7921875 0.462890625 0.0296875 0.0546875
3 0.6625 0.435546875 0.025 0.02734375
