1 0.8984375 0.458984375 0.021875 0.0625
1 0.878125 0.45703125 0.0203125 0.0625
1 0.8578125 0.458984375 0.0203125 0.0625
3 0.875 0.486328125 0.1234375 0.32421875
3 0.3796875 0.458984375 0.11875 0.10546875
3 0.5140625 0.453125 0.0453125 0.0546875
3 0.2296875 0.439453125 0.0359375 0.029296875
3 0.63125 0.447265625 0.0484375 0.029296875
3 0.6765625 0.455078125 0.03125 0.0234375
1 0.5890625 0.4453125 0.0109375 0.04296875
3 0.9125 0.453125 0.0796875 0.0546875
3 0.1953125 0.44140625 0.028125 0.02734375
