3 0.1640625 0.474609375 0.1546875 0.126953125
1 0.215625 0.44140625 0.03125 0.04296875
1 0.321875 0.439453125 0.075 0.076171875
3 0.4 0.427734375 0.025 0.029296875
3 0.4453125 0.427734375 0.0234375 0.025390625
3 0.55625 0.44921875 0.0328125 0.0390625
3 0.5421875 0.4453125 0.0296875 0.02734375
3 0.53125 0.443359375 0.0234375 0.0234375
3 0.8046875 0.5625 0.19375 0.296875
3 0.703125 0.49609375 0.209375 0.19921875
3 0.659375 0.4453125 0.1765625 0.15234375
3 0.628125 0.455078125 0.0796875 0.109375
3 0.6140625 0.45703125 0.04375 0.087890625
3 0.5953125 0.45703125 0.0359375 0.0703125
3 0.578125 0.4609375 0.034375 0.044921875
3 0.0453125 0.44140625 0.146875 0.10546875
3 0.26875 0.4375 0.0359375 0.056640625
