3 0.909375 0.443359375 0.0890625 0.16015625
3 0.771875 0.3828125 0.221875 0.1953125
3 0.7453125 0.396484375 0.1359375 0.16015625
3 0.4734375 0.3359375 0.2484375 0.322265625
3 0.3375 0.390625 0.1453125 0.162109375
3 0.3484375 0.41796875 0.0375 0.12890625
3 0.225 0.380859375 0.1390625 0.177734375
1 0.1515625 0.3515625 0.146875 0.3203125
2 0.225 0.478515625 0.08125 0.232421875
3 0.0078125 0.35546875 0.165625 0.25
3 0.0 0.43359375 0.0734375 0.177734375
3 0.228125 0.4140625 0.1 0.15234375
2 0.15 0.556640625 0.071875 0.19921875
