2 0.26875 0.630859375 0.04375 0.16015625
1 0.715625 0.45703125 0.0875 0.287109375
1 0.2390625 0.490234375 0.0921875 0.27734375
3 0.7734375 0.501953125 0.10625 0.169921875
3 0.6796875 0.501953125 0.0609375 0.169921875
3 0.63125 0.443359375 0.1046875 0.146484375
3 0.5890625 0.443359375 0.0671875 0.076171875
3 0.3890625 0.443359375 0.0484375 0.05078125
3 0.321875 0.45703125 0.071875 0.06640625
3 0.1484375 0.46484375 0.121875 0.083984375
3 0.184375 0.474609375 0.08125 0.1171875
3 0.465625 0.439453125 0.0453125 0.03515625
3 0.4296875 0.427734375 0.0328125 0.052734375
3 0.428125 0.4375 0.0265625 0.05078125
3 0.7734375 0.45703125 0.1359375 0.076171875
