3 0.746875 0.5390625 0.25 0.396484375
3 0.66875 0.46875 0.25 0.2265625
3 0.634375 0.484375 0.0671875 0.134765625
3 0.6140625 0.470703125 0.0796875 0.091796875
3 0.353125 0.45703125 0.05 0.05859375
3 0.30625 0.466796875 0.0671875 0.0703125
3 0.225 0.478515625 0.0828125 0.099609375
3 0.146875 0.5 0.1 0.119140625
3 0.0015625 0.49609375 0.1703125 0.1875
3 0.49375 0.431640625 0.0546875 0.06640625
1 0.40625 0.4453125 0.0203125 0.052734375
3 0.74375 0.435546875 0.04375 0.02734375
3 0.771875 0.421875 0.06875 0.041015625
3 0.7953125 0.4296875 0.1234375 0.037109375
3 0.5625 0.44140625 0.028125 0.0546875
3 0.5765625 0.435546875 0.071875 0.083984375
3 0.446875 0.4375 0.025 0.02734375
3 0.4 0.439453125 0.0421875 0.0390625
3 0.0015625 0.58984375 0.0421875 0.140625
