1 0.221875 0.484375 0.0734375 0.271484375
2 0.246875 0.6328125 0.04375 0.150390625
3 0.0 0.46875 0.1875 0.216796875
3 0.1390625 0.447265625 0.0953125 0.1640625
3 0.26875 0.4375 0.08125 0.09375
3 0.3375 0.44921875 0.04375 0.06640625
3 0.39375 0.4296875 0.046875 0.04296875
3 0.5375 0.4375 0.0484375 0.044921875
3 0.58125 0.470703125 0.0828125 0.08984375
3 0.625 0.466796875 0.15 0.12109375
3 0.659375 0.517578125 0.2203125 0.162109375
3 0.8046875 0.560546875 0.1921875 0.302734375
3 0.65625 0.4140625 0.0328125 0.044921875
3 0.440625 0.4296875 0.01875 0.03125
3 0.4390625 0.423828125 0.0328125 0.033203125
3 0.4671875 0.4296875 0.0265625 0.0234375
