3 0.521875 0.412109375 0.1203125 0.111328125
3 0.4890625 0.42578125 0.0546875 0.06640625
3 0.30625 0.443359375 0.059375 0.0546875
3 0.0859375 0.443359375 0.103125 0.0859375
3 0.16875 0.4453125 0.0625 0.072265625
3 0.2078125 0.4375 0.05625 0.0703125
3 0.25625 0.439453125 0.0234375 0.056640625
3 0.290625 0.44140625 0.0296875 0.044921875
3 0.4734375 0.4453125 0.0203125 0.041015625
3 0.4578125 0.443359375 0.0203125 0.03515625
3 0.446875 0.44140625 0.0203125 0.02734375
3 0.434375 0.439453125 0.01875 0.0234375
3 0.0640625 0.43359375 0.034375 0.044921875
3 0.021875 0.447265625 0.03125 0.037109375
