3 0.171875 0.455078125 0.134375 0.1015625
3 0.284375 0.458984375 0.0609375 0.07421875
3 0.6984375 0.4375 0.265625 0.27734375
3 0.64375 0.48046875 0.0921875 0.130859375
3 0.6296875 0.46875 0.0953125 0.08984375
3 0.609375 0.44921875 0.084375 0.09375
3 0.5546875 0.4453125 0.04375 0.044921875
3 0.425 0.447265625 0.025 0.03515625
1 0.4578125 0.44140625 0.01875 0.037109375
1 0.534375 0.443359375 0.01875 0.041015625
1 0.5234375 0.443359375 0.01875 0.041015625
3 0.3625 0.4375 0.0265625 0.0390625
3 0.384375 0.44140625 0.0484375 0.0546875
3 0.3484375 0.443359375 0.0234375 0.0390625
3 0.0046875 0.478515625 0.0734375 0.078125
