3 0.0 0.416015625 0.13125 0.24609375
3 0.1078125 0.4453125 0.1125 0.15234375
3 0.2171875 0.44140625 0.11875 0.10546875
3 0.3125 0.455078125 0.0515625 0.06640625
3 0.353125 0.439453125 0.065625 0.064453125
3 0.590625 0.455078125 0.090625 0.0859375
3 0.765625 0.5078125 0.2328125 0.412109375
3 0.4984375 0.44140625 0.040625 0.033203125
1 0.54375 0.435546875 0.0203125 0.068359375
1 0.4578125 0.44140625 0.0140625 0.0390625
3 0.5734375 0.447265625 0.05 0.0546875
3 0.403125 0.4453125 0.0234375 0.04296875
3 0.421875 0.447265625 0.028125 0.033203125
3 0.7203125 0.4609375 0.0453125 0.064453125
1 0.471875 0.439453125 0.01875 0.041015625
3 0.8890625 0.45703125 0.084375 0.0625
