1 0.63125 0.423828125 0.05 0.150390625
1 0.5921875 0.42578125 0.0265625 0.103515625
1 0.5796875 0.41015625 0.028125 0.099609375
3 0.765625 0.408203125 0.10625 0.109375
3 0.884375 0.42578125 0.0625 0.126953125
3 0.8203125 0.447265625 0.046875 0.078125
3 0.4390625 0.427734375 0.065625 0.060546875
3 0.5203125 0.4375 0.03125 0.037109375
3 0.496875 0.435546875 0.0296875 0.044921875
3 0.6796875 0.431640625 0.0609375 0.060546875
3 0.25625 0.41796875 0.0265625 0.076171875
3 0.13125 0.40234375 0.1203125 0.091796875
3 0.0046875 0.3828125 0.1328125 0.06640625
3 0.5515625 0.4375 0.034375 0.04296875
