1 0.76875 0.4375 0.021875 0.091796875
1 0.7125 0.4765625 0.0296875 0.048828125
1 0.6875 0.443359375 0.01875 0.056640625
1 0.63125 0.439453125 0.0203125 0.0625
3 0.4453125 0.4609375 0.0359375 0.0390625
3 0.3921875 0.47265625 0.0234375 0.025390625
3 0.359375 0.46484375 0.021875 0.029296875
3 0.3265625 0.45703125 0.0296875 0.037109375
3 0.2671875 0.453125 0.059375 0.05078125
3 0.2078125 0.443359375 0.046875 0.0625
3 0.153125 0.439453125 0.0578125 0.07421875
3 0.1171875 0.439453125 0.0421875 0.08203125
3 0.0 0.404296875 0.128125 0.181640625
