3 0.86875 0.431640625 0.1296875 0.21875
1 0.790625 0.3515625 0.10625 0.34765625
3 0.7015625 0.41796875 0.1125 0.171875
3 0.64375 0.431640625 0.0921875 0.13671875
3 0.625 0.4296875 0.1046875 0.1171875
3 0.5765625 0.412109375 0.14375 0.123046875
3 0.546875 0.44140625 0.034375 0.08203125
3 0.528125 0.44140625 0.0234375 0.07421875
18 0.5140625 0.48046875 0.015625 0.02734375
1 0.50625 0.435546875 0.01875 0.07421875
1 0.4875 0.4375 0.0234375 0.076171875
3 0.3640625 0.3984375 0.1203125 0.162109375
3 0.2796875 0.443359375 0.0890625 0.080078125
3 0.23125 0.423828125 0.08125 0.109375
3 0.2296875 0.458984375 0.04375 0.099609375
3 0.0 0.39453125 0.234375 0.185546875
3 0.0 0.423828125 0.1421875 0.212890625
