3 0.084375 0.41796875 0.1734375 0.1328125
3 0.2453125 0.416015625 0.0859375 0.1015625
3 0.3203125 0.421875 0.071875 0.0625
3 0.3734375 0.412109375 0.04375 0.05859375
3 0.4109375 0.427734375 0.025 0.037109375
3 0.615625 0.427734375 0.078125 0.083984375
3 0.6703125 0.390625 0.11875 0.169921875
3 0.709375 0.3828125 0.2546875 0.255859375
3 0.81875 0.384765625 0.1796875 0.49609375
2 0.5734375 0.447265625 0.01875 0.056640625
2 0.5078125 0.4453125 0.01875 0.05078125
1 0.5 0.39453125 0.0296875 0.09765625
1 0.56875 0.404296875 0.0296875 0.091796875
3 0.4203125 0.41796875 0.028125 0.037109375
3 0.4421875 0.42578125 0.01875 0.025390625
