3 0.840625 0.4453125 0.1578125 0.236328125
3 0.7421875 0.40234375 0.196875 0.1796875
3 0.7125 0.4453125 0.0296875 0.107421875
3 0.6640625 0.4453125 0.028125 0.078125
3 0.6875 0.4453125 0.028125 0.0859375
3 0.6390625 0.4453125 0.028125 0.060546875
3 0.3046875 0.44140625 0.075 0.08203125
3 0.540625 0.4453125 0.0390625 0.04296875
3 0.625 0.443359375 0.01875 0.05078125
3 0.609375 0.4453125 0.0203125 0.04296875
3 0.584375 0.44921875 0.021875 0.02734375
3 0.403125 0.455078125 0.03125 0.044921875
3 0.378125 0.458984375 0.0328125 0.05078125
