1 0.60625 0.43359375 0.0203125 0.072265625
1 0.628125 0.4140625 0.0234375 0.09765625
1 0.6484375 0.427734375 0.021875 0.083984375
3 0.7796875 0.4296875 0.0578125 0.068359375
3 0.8515625 0.376953125 0.146875 0.14453125
3 0.9015625 0.4296875 0.096875 0.12109375
1 0.159375 0.45703125 0.01875 0.0625
1 0.103125 0.462890625 0.021875 0.056640625
1 0.3703125 0.44921875 0.0109375 0.02734375
1 0.5421875 0.435546875 0.015625 0.044921875
1 0.375 0.447265625 0.0140625 0.029296875
3 0.3875 0.44921875 0.028125 0.029296875
3 0.709375 0.435546875 0.0359375 0.044921875
1 0.1171875 0.474609375 0.0203125 0.03125
