1 0.465625 0.439453125 0.01875 0.04296875
1 0.475 0.435546875 0.01875 0.046875
1 0.4890625 0.435546875 0.01875 0.05078125
1 0.66875 0.4453125 0.01875 0.033203125
2 0.5375 0.56640625 0.0359375 0.103515625
3 0.6046875 0.45703125 0.04375 0.064453125
3 0.5578125 0.462890625 0.0484375 0.064453125
3 0.61875 0.474609375 0.096875 0.076171875
3 0.715625 0.455078125 0.059375 0.0546875
3 0.728125 0.455078125 0.0546875 0.07421875
3 0.834375 0.455078125 0.1484375 0.044921875
1 0.6484375 0.5 0.0671875 0.1875
3 0.7546875 0.4921875 0.24375 0.302734375
1 0.534375 0.46875 0.065625 0.177734375
3 0.41875 0.453125 0.0421875 0.041015625
3 0.4125 0.458984375 0.025 0.0546875
3 0.3765625 0.455078125 0.046875 0.06640625
3 0.3171875 0.439453125 0.08125 0.091796875
3 0.3078125 0.47265625 0.059375 0.08984375
3 0.2203125 0.4609375 0.1078125 0.130859375
3 0.075 0.478515625 0.1875 0.1796875
