3 0.5390625 0.43359375 0.1171875 0.111328125
3 0.509375 0.4375 0.0546875 0.083984375
3 0.4921875 0.4453125 0.034375 0.060546875
3 0.471875 0.44921875 0.028125 0.041015625
3 0.4046875 0.447265625 0.05 0.044921875
2 0.3640625 0.4609375 0.009375 0.02734375
1 0.73125 0.412109375 0.03125 0.09765625
1 0.7015625 0.42578125 0.021875 0.083984375
2 0.209375 0.46484375 0.015625 0.052734375
1 0.3765625 0.443359375 0.009375 0.037109375
3 0.396875 0.447265625 0.015625 0.01953125
1 0.3640625 0.439453125 0.009375 0.025390625
1 0.3375 0.4453125 0.0078125 0.02734375
1 0.3265625 0.44140625 0.0109375 0.0390625
1 0.2890625 0.439453125 0.0125 0.046875
1 0.2828125 0.443359375 0.0078125 0.03515625
1 0.2640625 0.435546875 0.0171875 0.046875
2 0.2640625 0.484375 0.01875 0.044921875
1 0.234375 0.435546875 0.015625 0.03515625
2 0.184375 0.453125 0.028125 0.068359375
2 0.1765625 0.455078125 0.0234375 0.06640625
2 0.1046875 0.46484375 0.025 0.08203125
2 0.078125 0.462890625 0.03125 0.078125
2 0.0171875 0.494140625 0.059375 0.0703125
2 0.0 0.478515625 0.03125 0.07421875
