1 0.8984375 0.3828125 0.025 0.10546875
1 0.821875 0.3828125 0.0546875 0.119140625
1 0.7625 0.39453125 0.021875 0.083984375
1 0.7296875 0.396484375 0.0203125 0.072265625
1 0.7109375 0.392578125 0.021875 0.03515625
1 0.5875 0.39453125 0.0453125 0.111328125
3 0.453125 0.423828125 0.0265625 0.0234375
3 0.4078125 0.421875 0.0234375 0.02734375
1 0.246875 0.416015625 0.0140625 0.03125
1 0.196875 0.41015625 0.01875 0.041015625
1 0.15625 0.408203125 0.0203125 0.05859375
1 0.140625 0.408203125 0.01875 0.052734375
