1 0.8015625 0.4140625 0.0296875 0.099609375
1 0.7828125 0.4375 0.01875 0.07421875
1 0.7578125 0.453125 0.021875 0.04296875
3 0.45625 0.41015625 0.1421875 0.162109375
3 0.35 0.43359375 0.2 0.212890625
3 0.9359375 0.595703125 0.0625 0.25390625
3 0.334375 0.46875 0.034375 0.03515625
3 0.2796875 0.46875 0.0234375 0.03515625
3 0.2578125 0.46875 0.0234375 0.03125
3 0.2234375 0.47265625 0.05 0.041015625
3 0.040625 0.451171875 0.1484375 0.083984375
3 0.0 0.47265625 0.0578125 0.134765625
1 0.290625 0.400390625 0.059375 0.197265625
