3 0.5625 0.431640625 0.134375 0.134765625
3 0.8015625 0.458984375 0.196875 0.130859375
3 0.1796875 0.462890625 0.1125 0.091796875
3 0.1890625 0.427734375 0.075 0.046875
3 0.265625 0.455078125 0.0484375 0.0625
3 0.2890625 0.447265625 0.04375 0.056640625
1 0.6796875 0.431640625 0.0265625 0.072265625
3 0.7625 0.416015625 0.1296875 0.076171875
3 0.5 0.431640625 0.0265625 0.03125
3 0.325 0.443359375 0.0265625 0.05078125
3 0.3390625 0.4375 0.0296875 0.0390625
3 0.3484375 0.4296875 0.0328125 0.041015625
3 0.3890625 0.421875 0.028125 0.025390625
3 0.3890625 0.431640625 0.01875 0.025390625
