3 0.0 0.494140625 0.0625 0.19140625
3 0.025 0.484375 0.2 0.166015625
3 0.24375 0.49609375 0.109375 0.0859375
3 0.328125 0.47265625 0.0625 0.0859375
3 0.38125 0.5 0.0375 0.037109375
3 0.653125 0.51953125 0.1609375 0.13671875
3 0.8140625 0.458984375 0.184375 0.396484375
3 0.615625 0.501953125 0.06875 0.083984375
3 0.5984375 0.48046875 0.0609375 0.0859375
2 0.621875 0.529296875 0.0578125 0.068359375
2 0.503125 0.515625 0.01875 0.064453125
2 0.58125 0.533203125 0.021875 0.05859375
1 0.571875 0.4765625 0.0375 0.099609375
1 0.4953125 0.46484375 0.0359375 0.115234375
3 0.403125 0.484375 0.0359375 0.044921875
3 0.43125 0.490234375 0.021875 0.03515625
3 0.446875 0.484375 0.0234375 0.03515625
3 0.55625 0.498046875 0.0265625 0.03515625
