1 0.4765625 0.427734375 0.034375 0.12109375
1 0.4265625 0.421875 0.034375 0.1328125
1 0.3765625 0.4140625 0.0453125 0.134765625
1 0.3171875 0.435546875 0.0265625 0.037109375
3 0.8625 0.37109375 0.1359375 0.27734375
3 0.7328125 0.42578125 0.1703125 0.17578125
3 0.6390625 0.40625 0.2171875 0.17578125
3 0.515625 0.443359375 0.153125 0.099609375
3 0.5140625 0.421875 0.1265625 0.056640625
3 0.2296875 0.439453125 0.065625 0.05078125
3 0.05625 0.39453125 0.0671875 0.052734375
3 0.0015625 0.42578125 0.1546875 0.103515625
3 0.0 0.4921875 0.0453125 0.087890625
3 0.003125 0.45703125 0.0578125 0.087890625
