1 0.840625 0.455078125 0.0234375 0.091796875
1 0.815625 0.427734375 0.0234375 0.119140625
1 0.7984375 0.43359375 0.0234375 0.109375
1 0.765625 0.439453125 0.028125 0.10546875
1 0.7453125 0.458984375 0.0234375 0.0859375
1 0.6734375 0.4609375 0.0203125 0.0546875
1 0.65 0.4453125 0.021875 0.07421875
1 0.6296875 0.4609375 0.0203125 0.064453125
1 0.609375 0.4609375 0.01875 0.0546875
1 0.6015625 0.462890625 0.0125 0.0390625
1 0.5953125 0.46875 0.009375 0.025390625
1 0.584375 0.455078125 0.009375 0.02734375
3 0.4 0.43359375 0.2046875 0.19921875
