3 0.684375 0.51953125 0.253125 0.216796875
3 0.6296875 0.494140625 0.1296875 0.138671875
3 0.578125 0.46875 0.0796875 0.083984375
3 0.5640625 0.455078125 0.053125 0.07421875
3 0.4203125 0.439453125 0.0234375 0.029296875
3 0.2765625 0.46484375 0.06875 0.060546875
3 0.3234375 0.44921875 0.04375 0.052734375
3 0.0 0.537109375 0.096875 0.181640625
3 0.525 0.43359375 0.0296875 0.04296875
3 0.54375 0.44921875 0.0296875 0.04296875
3 0.478125 0.423828125 0.021875 0.0234375
1 0.40625 0.4296875 0.01875 0.05859375
1 0.390625 0.4296875 0.01875 0.041015625
