1 0.13125 0.431640625 0.021875 0.07421875
1 0.6375 0.4375 0.04375 0.1328125
1 0.7828125 0.453125 0.025 0.033203125
1 0.7984375 0.453125 0.0234375 0.03125
3 0.6828125 0.474609375 0.1078125 0.123046875
3 0.740625 0.478515625 0.2 0.16796875
3 0.7734375 0.494140625 0.225 0.3359375
3 0.0015625 0.4609375 0.1296875 0.21875
3 0.14375 0.421875 0.153125 0.166015625
3 0.296875 0.44921875 0.1015625 0.083984375
3 0.375 0.4453125 0.053125 0.06640625
3 0.471875 0.4453125 0.0328125 0.033203125
3 0.590625 0.453125 0.03125 0.03515625
3 0.4234375 0.45703125 0.0265625 0.046875
3 0.4234375 0.44140625 0.0375 0.056640625
3 0.5421875 0.443359375 0.0171875 0.021484375
1 0.5265625 0.44140625 0.0109375 0.029296875
1 0.6734375 0.44140625 0.0375 0.126953125
