3 0.828125 0.3828125 0.1703125 0.255859375
18 0.8140625 0.5703125 0.071875 0.115234375
3 0.715625 0.380859375 0.175 0.20703125
1 0.6890625 0.3828125 0.0703125 0.294921875
3 0.6703125 0.392578125 0.0234375 0.1484375
3 0.64375 0.44140625 0.0328125 0.140625
1 0.59375 0.38671875 0.0484375 0.228515625
3 0.54375 0.435546875 0.05625 0.115234375
3 0.515625 0.443359375 0.0265625 0.072265625
3 0.4765625 0.44140625 0.0375 0.064453125
3 0.321875 0.384765625 0.1546875 0.19921875
3 0.2921875 0.4375 0.034375 0.060546875
3 0.2703125 0.439453125 0.0265625 0.068359375
3 0.246875 0.435546875 0.03125 0.091796875
3 0.0015625 0.353515625 0.246875 0.244140625
3 0.0015625 0.416015625 0.1125 0.22265625
