1 0.928125 0.38671875 0.0703125 0.34765625
3 0.8703125 0.521484375 0.059375 0.068359375
3 0.66875 0.46484375 0.084375 0.0859375
3 0.63125 0.4609375 0.059375 0.06640625
3 0.5265625 0.455078125 0.028125 0.02734375
3 0.509375 0.44921875 0.0234375 0.0234375
3 0.465625 0.4453125 0.025 0.0234375
3 0.415625 0.443359375 0.021875 0.033203125
3 0.36875 0.435546875 0.0484375 0.056640625
1 0.2953125 0.43359375 0.025 0.0703125
1 0.2765625 0.4296875 0.021875 0.08203125
1 0.2265625 0.435546875 0.028125 0.078125
1 0.2015625 0.431640625 0.0203125 0.08203125
1 0.178125 0.427734375 0.01875 0.080078125
1 0.115625 0.421875 0.0265625 0.109375
1 0.084375 0.412109375 0.028125 0.115234375
3 0.0 0.41796875 0.0703125 0.087890625
1 0.6234375 0.462890625 0.021875 0.033203125
