1 0.8875 0.38671875 0.06875 0.279296875
1 0.7703125 0.3984375 0.0625 0.2421875
3 0.834375 0.47265625 0.040625 0.037109375
3 0.73125 0.46484375 0.025 0.044921875
3 0.696875 0.466796875 0.0359375 0.048828125
3 0.6015625 0.439453125 0.0859375 0.068359375
3 0.5546875 0.435546875 0.0421875 0.076171875
3 0.4890625 0.45703125 0.0328125 0.04296875
3 0.45625 0.458984375 0.0296875 0.0390625
3 0.428125 0.453125 0.028125 0.033203125
3 0.23125 0.45703125 0.0453125 0.046875
3 0.1890625 0.453125 0.0421875 0.068359375
3 0.240625 0.443359375 0.215625 0.150390625
3 0.0 0.439453125 0.196875 0.169921875
