1 0.5046875 0.412109375 0.059375 0.173828125
1 0.4328125 0.4375 0.0375 0.1171875
1 0.3953125 0.421875 0.046875 0.140625
1 0.3515625 0.412109375 0.040625 0.12109375
1 0.3125 0.416015625 0.0359375 0.11328125
1 0.284375 0.390625 0.0234375 0.115234375
1 0.228125 0.392578125 0.0265625 0.103515625
1 0.2125 0.404296875 0.0234375 0.099609375
1 0.1859375 0.400390625 0.034375 0.099609375
3 0.553125 0.44140625 0.0640625 0.06640625
3 0.64375 0.423828125 0.0796875 0.041015625
3 0.7640625 0.423828125 0.0765625 0.052734375
1 0.396875 0.40625 0.0265625 0.072265625
3 0.6171875 0.435546875 0.06875 0.037109375
1 0.25 0.396484375 0.01875 0.091796875
