3 0.778125 0.421875 0.0609375 0.076171875
3 0.8171875 0.4375 0.025 0.072265625
3 0.853125 0.375 0.1453125 0.146484375
3 0.9 0.43359375 0.0984375 0.115234375
1 0.628125 0.416015625 0.025 0.09765625
1 0.6078125 0.4140625 0.0296875 0.09765625
1 0.7328125 0.39453125 0.0375 0.16015625
1 0.4171875 0.431640625 0.028125 0.076171875
1 0.5421875 0.43359375 0.01875 0.05078125
1 0.45625 0.4375 0.0203125 0.0390625
1 0.159375 0.45703125 0.021875 0.04296875
1 0.103125 0.462890625 0.0203125 0.0625
1 0.11875 0.470703125 0.0203125 0.029296875
