3 0.9421875 0.69140625 0.05625 0.193359375
3 0.70625 0.533203125 0.2890625 0.22265625
3 0.6171875 0.484375 0.1453125 0.1015625
3 0.2140625 0.4609375 0.0921875 0.115234375
3 0.15 0.4765625 0.1125 0.140625
3 0.0140625 0.494140625 0.2 0.19921875
3 0.0 0.552734375 0.053125 0.197265625
2 0.4125 0.53125 0.01875 0.095703125
1 0.546875 0.443359375 0.0671875 0.158203125
1 0.40625 0.44140625 0.053125 0.158203125
1 0.346875 0.44140625 0.028125 0.046875
1 0.2921875 0.431640625 0.0203125 0.0546875
3 0.8328125 0.447265625 0.0703125 0.064453125
3 0.8921875 0.447265625 0.10625 0.07421875
3 0.5203125 0.4296875 0.046875 0.060546875
3 0.4546875 0.443359375 0.0265625 0.03125
1 0.2765625 0.4296875 0.01875 0.0625
