3 0.0 0.43359375 0.0703125 0.166015625
3 0.09375 0.453125 0.0765625 0.09765625
1 0.15 0.4296875 0.0453125 0.12109375
1 0.1984375 0.41796875 0.04375 0.130859375
3 0.2671875 0.453125 0.0484375 0.052734375
3 0.29375 0.439453125 0.0421875 0.056640625
3 0.415625 0.4375 0.03125 0.033203125
3 0.56875 0.42578125 0.0578125 0.064453125
3 0.653125 0.427734375 0.0703125 0.103515625
1 0.7546875 0.4296875 0.0609375 0.22265625
1 0.8625 0.42578125 0.0625 0.208984375
3 0.3296875 0.4453125 0.0203125 0.037109375
3 0.34375 0.443359375 0.0203125 0.037109375
1 0.365625 0.4375 0.021875 0.046875
1 0.390625 0.4375 0.0109375 0.0390625
1 0.459375 0.435546875 0.015625 0.03125
1 0.475 0.439453125 0.0125 0.029296875
3 0.6046875 0.4609375 0.0296875 0.0625
3 0.5515625 0.43359375 0.03125 0.0390625
2 0.2046875 0.484375 0.03125 0.078125
2 0.15625 0.486328125 0.0265625 0.0859375
