3 0.921875 0.59765625 0.075 0.19921875
3 0.9125 0.44140625 0.0859375 0.15625
3 0.8375 0.43359375 0.1234375 0.123046875
3 0.6796875 0.4453125 0.05625 0.052734375
3 0.715625 0.44921875 0.0625 0.06640625
1 0.76875 0.412109375 0.084375 0.255859375
1 0.646875 0.43359375 0.040625 0.130859375
3 0.128125 0.455078125 0.171875 0.130859375
3 0.275 0.455078125 0.084375 0.09765625
3 0.3421875 0.453125 0.040625 0.076171875
3 0.3578125 0.439453125 0.05625 0.078125
3 0.440625 0.43359375 0.0421875 0.046875
1 0.25 0.421875 0.0328125 0.03515625
1 0.6265625 0.4453125 0.01875 0.04296875
1 0.6140625 0.435546875 0.01875 0.04296875
3 0.578125 0.44140625 0.0296875 0.029296875
3 0.475 0.44140625 0.01875 0.03125
3 0.4796875 0.427734375 0.0234375 0.037109375
3 0.26875 0.41796875 0.0796875 0.037109375
3 0.39375 0.4375 0.040625 0.0703125
3 0.4140625 0.439453125 0.0328125 0.060546875
