3 0.4578125 0.4453125 0.125 0.119140625
3 0.26875 0.447265625 0.053125 0.0546875
2 0.95625 0.44921875 0.0421875 0.14453125
2 0.784375 0.443359375 0.05 0.103515625
2 0.334375 0.48046875 0.05 0.02734375
1 0.396875 0.427734375 0.0234375 0.10546875
1 0.60625 0.4375 0.034375 0.06640625
1 0.5921875 0.4375 0.015625 0.046875
1 0.2421875 0.447265625 0.025 0.05859375
2 0.74375 0.453125 0.0359375 0.08984375
1 0.384375 0.4375 0.0203125 0.08203125
3 0.365625 0.443359375 0.0203125 0.03515625
1 0.3515625 0.443359375 0.01875 0.03515625
1 0.3328125 0.44140625 0.0203125 0.03515625
1 0.6796875 0.423828125 0.0171875 0.0546875
