3 0.6734375 0.35546875 0.325 0.62109375
3 0.5640625 0.45703125 0.071875 0.08984375
1 0.3875 0.44921875 0.0234375 0.060546875
1 0.365625 0.44921875 0.0203125 0.056640625
3 0.290625 0.44921875 0.05625 0.07421875
3 0.23125 0.458984375 0.0859375 0.08203125
3 0.0671875 0.431640625 0.171875 0.150390625
3 0.0 0.509765625 0.06875 0.23046875
3 0.4703125 0.455078125 0.0328125 0.029296875
3 0.6171875 0.435546875 0.1625 0.271484375
3 0.33125 0.458984375 0.028125 0.0546875
1 0.50625 0.423828125 0.03125 0.125
1 0.521875 0.427734375 0.065625 0.177734375
