1 0.659375 0.466796875 0.03125 0.115234375
1 0.621875 0.45703125 0.0296875 0.0859375
2 0.6671875 0.537109375 0.0234375 0.068359375
2 0.628125 0.505859375 0.0203125 0.0546875
2 0.0734375 0.541015625 0.0296875 0.08203125
1 0.0671875 0.48828125 0.05625 0.119140625
1 0.153125 0.4453125 0.0265625 0.076171875
1 0.878125 0.45703125 0.0234375 0.044921875
1 0.9078125 0.453125 0.0234375 0.05078125
1 0.534375 0.435546875 0.0140625 0.037109375
3 0.55625 0.44921875 0.0625 0.046875
3 0.4828125 0.4453125 0.05 0.037109375
3 0.45 0.44140625 0.04375 0.033203125
3 0.4125 0.44140625 0.0484375 0.029296875
3 0.8015625 0.443359375 0.075 0.068359375
3 0.775 0.447265625 0.021875 0.0546875
1 0.2375 0.44140625 0.015625 0.048828125
1 0.25 0.439453125 0.015625 0.0546875
3 0.671875 0.466796875 0.071875 0.072265625
