3 0.0 0.423828125 0.134375 0.248046875
3 0.1984375 0.4296875 0.0875 0.06640625
3 0.271875 0.431640625 0.0921875 0.087890625
3 0.3546875 0.4375 0.0546875 0.0546875
3 0.3984375 0.423828125 0.034375 0.0546875
1 0.6421875 0.4296875 0.0203125 0.060546875
3 0.6890625 0.44921875 0.078125 0.0859375
3 0.8484375 0.443359375 0.134375 0.1171875
3 0.8796875 0.44921875 0.11875 0.125
1 0.778125 0.41796875 0.0734375 0.283203125
3 0.65625 0.43359375 0.025 0.0546875
3 0.590625 0.435546875 0.025 0.033203125
3 0.55625 0.43359375 0.040625 0.044921875
3 0.5265625 0.43359375 0.01875 0.0234375
3 0.4296875 0.435546875 0.0203125 0.033203125
3 0.440625 0.435546875 0.0234375 0.02734375
3 0.4515625 0.4296875 0.0234375 0.02734375
3 0.08125 0.4296875 0.0671875 0.03515625
