3 0.328125 0.44921875 0.0453125 0.068359375
3 0.2265625 0.435546875 0.115625 0.119140625
3 0.5484375 0.43359375 0.059375 0.060546875
3 0.58125 0.447265625 0.0578125 0.083984375
3 0.5984375 0.466796875 0.0984375 0.09375
3 0.6875 0.51171875 0.2296875 0.1796875
3 0.8015625 0.587890625 0.1953125 0.328125
1 0.3796875 0.435546875 0.0203125 0.068359375
3 0.3890625 0.43359375 0.0265625 0.04296875
3 0.409375 0.42578125 0.0265625 0.037109375
1 0.440625 0.421875 0.0203125 0.0546875
3 0.4890625 0.423828125 0.025 0.03125
1 0.478125 0.41796875 0.0203125 0.056640625
1 0.509375 0.43359375 0.01875 0.041015625
