1 0.76875 0.47265625 0.06875 0.19921875
2 0.7765625 0.580078125 0.0609375 0.115234375
3 0.6375 0.48046875 0.1453125 0.119140625
3 0.359375 0.4375 0.0859375 0.033203125
3 0.396875 0.44921875 0.0828125 0.056640625
3 0.46875 0.439453125 0.1015625 0.09375
1 0.5921875 0.423828125 0.03125 0.08203125
1 0.575 0.4296875 0.021875 0.0859375
1 0.3265625 0.43359375 0.0203125 0.044921875
3 0.271875 0.421875 0.0453125 0.0234375
3 0.1171875 0.439453125 0.0359375 0.033203125
1 0.3421875 0.431640625 0.01875 0.044921875
