18 0.8484375 0.486328125 0.028125 0.02734375
1 0.88125 0.43359375 0.015625 0.083984375
1 0.8 0.4296875 0.0296875 0.115234375
2 0.309375 0.494140625 0.021875 0.04296875
2 0.184375 0.49609375 0.04375 0.046875
1 0.2125 0.4375 0.0140625 0.041015625
3 0.409375 0.41796875 0.4046875 0.357421875
1 0.89375 0.4296875 0.01875 0.087890625
3 0.4140625 0.453125 0.015625 0.0234375
3 0.4015625 0.45703125 0.01875 0.025390625
3 0.384375 0.458984375 0.021875 0.03125
1 0.3125 0.453125 0.021875 0.04296875
1 0.2 0.4453125 0.021875 0.046875
1 0.18125 0.439453125 0.01875 0.05859375
1 0.146875 0.4375 0.021875 0.0625
1 0.1265625 0.439453125 0.0203125 0.064453125
1 0.0875 0.431640625 0.0203125 0.041015625
1 0.065625 0.4375 0.01875 0.033203125
