1 0.696875 0.40625 0.0828125 0.1796875
3 0.575 0.439453125 0.0921875 0.0859375
3 0.5421875 0.431640625 0.046875 0.0703125
3 0.5265625 0.4453125 0.021875 0.05078125
3 0.5078125 0.443359375 0.0203125 0.04296875
3 0.4953125 0.447265625 0.01875 0.029296875
3 0.4875 0.447265625 0.01875 0.0234375
3 0.4734375 0.44921875 0.015625 0.01953125
3 0.4578125 0.453125 0.0140625 0.015625
3 0.4296875 0.447265625 0.0171875 0.021484375
3 0.265625 0.439453125 0.078125 0.083984375
3 0.1125 0.4375 0.1578125 0.1328125
