3 0.0 0.439453125 0.140625 0.203125
3 0.11875 0.46484375 0.1171875 0.123046875
3 0.2125 0.4609375 0.09375 0.095703125
3 0.4875 0.45703125 0.0453125 0.03515625
3 0.6328125 0.46875 0.1265625 0.126953125
3 0.7125 0.486328125 0.271875 0.259765625
3 0.8046875 0.521484375 0.1921875 0.4765625
1 0.315625 0.443359375 0.028125 0.09375
1 0.3453125 0.4453125 0.0296875 0.08984375
1 0.55625 0.443359375 0.03125 0.1171875
1 0.5890625 0.423828125 0.0484375 0.169921875
3 0.3734375 0.443359375 0.05 0.044921875
3 0.5234375 0.458984375 0.01875 0.029296875
3 0.534375 0.4609375 0.01875 0.025390625
