1 0.7484375 0.44140625 0.040625 0.08203125
1 0.7203125 0.44140625 0.0328125 0.0859375
1 0.51875 0.43359375 0.025 0.0625
1 0.5546875 0.435546875 0.028125 0.0703125
3 0.8171875 0.51953125 0.18125 0.1796875
3 0.3734375 0.4375 0.0515625 0.0546875
3 0.0015625 0.53515625 0.1484375 0.296875
3 0.6453125 0.431640625 0.046875 0.041015625
3 0.925 0.453125 0.0734375 0.080078125
3 0.8921875 0.486328125 0.0234375 0.05078125
3 0.85625 0.453125 0.065625 0.0390625
1 0.2796875 0.4375 0.0265625 0.0546875
1 0.3203125 0.421875 0.01875 0.056640625
