1 0.653125 0.41015625 0.034375 0.10546875
1 0.609375 0.427734375 0.0328125 0.08203125
3 0.2359375 0.443359375 0.028125 0.0390625
3 0.1828125 0.44140625 0.065625 0.078125
3 0.2828125 0.4375 0.0921875 0.046875
1 0.84375 0.40234375 0.03125 0.083984375
1 0.91875 0.404296875 0.021875 0.06640625
3 0.384375 0.400390625 0.1296875 0.1484375
1 0.5703125 0.435546875 0.0171875 0.044921875
3 0.259375 0.443359375 0.025 0.03515625
3 0.0 0.453125 0.04375 0.0390625
3 0.0 0.48046875 0.0390625 0.076171875
3 0.0609375 0.4140625 0.1359375 0.12109375
3 0.0421875 0.44140625 0.025 0.080078125
