3 0.0046875 0.42578125 0.1296875 0.09765625
3 0.06875 0.416015625 0.0953125 0.05859375
3 0.18125 0.41796875 0.0484375 0.083984375
3 0.2296875 0.435546875 0.065625 0.041015625
3 0.5265625 0.447265625 0.0421875 0.04296875
3 0.5921875 0.44921875 0.0453125 0.064453125
3 0.6203125 0.44921875 0.0671875 0.08984375
3 0.6421875 0.470703125 0.1015625 0.103515625
3 0.815625 0.501953125 0.1828125 0.318359375
18 0.28125 0.478515625 0.01875 0.02734375
1 0.2953125 0.435546875 0.0265625 0.072265625
3 0.3203125 0.443359375 0.0625 0.044921875
3 0.4703125 0.4453125 0.025 0.025390625
3 0.35 0.443359375 0.046875 0.0390625
3 0.5765625 0.455078125 0.03125 0.046875
