1 0.5453125 0.44140625 0.021875 0.0859375
1 0.5234375 0.439453125 0.0234375 0.064453125
3 0.8265625 0.474609375 0.1578125 0.140625
3 0.7046875 0.458984375 0.0765625 0.0703125
3 0.4875 0.435546875 0.0421875 0.0390625
3 0.34375 0.4453125 0.0375 0.0546875
3 0.23125 0.470703125 0.0765625 0.07421875
3 0.1375 0.48046875 0.1296875 0.11328125
1 0.45 0.427734375 0.0140625 0.029296875
1 0.440625 0.423828125 0.0140625 0.0390625
1 0.415625 0.435546875 0.015625 0.048828125
2 0.4171875 0.458984375 0.0125 0.025390625
3 0.2890625 0.4609375 0.04375 0.0625
3 0.315625 0.4609375 0.03125 0.05078125
3 0.378125 0.431640625 0.0296875 0.04296875
3 0.640625 0.443359375 0.05625 0.056640625
3 0.68125 0.431640625 0.09375 0.0703125
