3 0.759375 0.447265625 0.084375 0.052734375
3 0.6640625 0.46875 0.0421875 0.06640625
3 0.553125 0.455078125 0.0578125 0.0390625
3 0.425 0.443359375 0.0328125 0.03125
3 0.4546875 0.4453125 0.034375 0.033203125
3 0.4875 0.4453125 0.05 0.046875
2 0.1828125 0.5234375 0.0265625 0.0625
2 0.646875 0.525390625 0.0203125 0.07421875
2 0.61875 0.501953125 0.0234375 0.0703125
1 0.640625 0.45703125 0.0296875 0.09375
1 0.615625 0.44921875 0.0296875 0.076171875
1 0.1875 0.48046875 0.0234375 0.0703125
1 0.1953125 0.44921875 0.03125 0.044921875
1 0.2625 0.443359375 0.0234375 0.044921875
1 0.8203125 0.435546875 0.01875 0.03515625
1 0.8453125 0.4453125 0.0265625 0.056640625
1 0.8671875 0.455078125 0.01875 0.046875
3 0.3296875 0.43359375 0.034375 0.033203125
