1 0.9578125 0.369140625 0.028125 0.11328125
2 0.9421875 0.4296875 0.0296875 0.0546875
2 0.984375 0.435546875 0.0140625 0.041015625
2 0.8671875 0.43359375 0.03125 0.052734375
1 0.840625 0.361328125 0.0296875 0.125
2 0.8015625 0.43359375 0.04375 0.052734375
3 0.440625 0.3984375 0.0453125 0.046875
3 0.4296875 0.40234375 0.0203125 0.033203125
3 0.4203125 0.390625 0.01875 0.0234375
3 0.4171875 0.380859375 0.015625 0.01953125
3 0.3953125 0.37109375 0.015625 0.01953125
3 0.3625 0.376953125 0.015625 0.01953125
3 0.34375 0.384765625 0.0234375 0.060546875
3 0.321875 0.390625 0.021875 0.064453125
3 0.2328125 0.400390625 0.0890625 0.083984375
3 0.2578125 0.37890625 0.0578125 0.017578125
