2 0.9328125 0.55859375 0.065625 0.095703125
2 0.6 0.5078125 0.09375 0.134765625
2 0.5109375 0.54296875 0.0828125 0.08984375
2 0.2703125 0.48828125 0.0625 0.13671875
2 0.234375 0.51171875 0.0375 0.09765625
2 0.1265625 0.494140625 0.0484375 0.099609375
3 0.5078125 0.4375 0.0703125 0.08203125
3 0.175 0.435546875 0.046875 0.083984375
3 0.0 0.44140625 0.084375 0.12109375
1 0.55625 0.421875 0.0546875 0.1484375
1 0.2515625 0.384765625 0.06875 0.1640625
1 0.121875 0.416015625 0.053125 0.1015625
3 0.3140625 0.455078125 0.0453125 0.056640625
3 0.3484375 0.447265625 0.0296875 0.05078125
3 0.4953125 0.458984375 0.025 0.044921875
3 0.4828125 0.453125 0.0265625 0.044921875
1 0.2046875 0.39453125 0.0515625 0.140625
2 0.2140625 0.517578125 0.025 0.052734375
