3 0.2140625 0.46875 0.0859375 0.09375
3 0.3265625 0.45703125 0.0703125 0.0625
3 0.3890625 0.44140625 0.0453125 0.046875
3 0.4578125 0.4375 0.0484375 0.03515625
3 0.6140625 0.443359375 0.1046875 0.140625
3 0.7390625 0.48828125 0.075 0.15625
3 0.659375 0.484375 0.0515625 0.140625
1 0.6875 0.458984375 0.0796875 0.275390625
1 0.253125 0.490234375 0.0984375 0.263671875
2 0.2765625 0.642578125 0.04375 0.150390625
3 0.1671875 0.462890625 0.11875 0.072265625
3 0.4203125 0.439453125 0.028125 0.041015625
3 0.4203125 0.43359375 0.0375 0.046875
3 0.5640625 0.44140625 0.0234375 0.044921875
3 0.571875 0.447265625 0.0625 0.06640625
3 0.75 0.45703125 0.1234375 0.08203125
3 0.921875 0.453125 0.0765625 0.0859375
3 0.8796875 0.431640625 0.115625 0.0703125
3 0.765625 0.42578125 0.046875 0.029296875
