3 0.6734375 0.470703125 0.09375 0.12109375
3 0.696875 0.46875 0.2515625 0.20703125
1 0.15 0.41015625 0.0328125 0.134765625
1 0.328125 0.431640625 0.0265625 0.05859375
1 0.3515625 0.4296875 0.01875 0.068359375
1 0.3875 0.4375 0.015625 0.052734375
2 0.0671875 0.474609375 0.071875 0.109375
3 0.6390625 0.447265625 0.0984375 0.103515625
3 0.6046875 0.44921875 0.0546875 0.0546875
1 0.4328125 0.439453125 0.0109375 0.04296875
1 0.425 0.4375 0.015625 0.0390625
1 0.44375 0.439453125 0.0140625 0.04296875
1 0.5953125 0.447265625 0.0140625 0.029296875
