3 0.075 0.498046875 0.2265625 0.18359375
3 0.2546875 0.48046875 0.1078125 0.12109375
3 0.3125 0.4453125 0.109375 0.11328125
3 0.4125 0.455078125 0.0328125 0.0625
3 0.6640625 0.470703125 0.0609375 0.06640625
3 0.71875 0.474609375 0.1953125 0.18359375
3 0.8265625 0.517578125 0.171875 0.24609375
1 0.696875 0.49609375 0.059375 0.146484375
1 0.5796875 0.44140625 0.025 0.09765625
1 0.5203125 0.439453125 0.0296875 0.099609375
2 0.5234375 0.49609375 0.0203125 0.056640625
3 0.64375 0.4609375 0.046875 0.0625
3 0.63125 0.44921875 0.034375 0.0625
3 0.43125 0.44921875 0.0359375 0.064453125
3 0.45625 0.44921875 0.0265625 0.044921875
3 0.484375 0.439453125 0.03125 0.03125
