1 0.75625 0.4140625 0.0359375 0.0859375
1 0.7328125 0.4140625 0.0234375 0.07421875
1 0.7015625 0.427734375 0.03125 0.0625
1 0.08125 0.41796875 0.028125 0.083984375
1 0.0578125 0.421875 0.0265625 0.08203125
3 0.5953125 0.486328125 0.3328125 0.14453125
3 0.5125 0.443359375 0.0578125 0.0703125
3 0.3796875 0.43359375 0.059375 0.056640625
3 0.246875 0.416015625 0.040625 0.044921875
3 0.128125 0.4140625 0.0734375 0.08203125
3 0.18125 0.4375 0.0875 0.091796875
1 0.6 0.416015625 0.025 0.03125
1 0.575 0.41015625 0.0203125 0.03515625
1 0.55 0.41015625 0.0203125 0.037109375
3 0.5703125 0.44140625 0.071875 0.029296875
3 0.365625 0.423828125 0.040625 0.046875
3 0.353125 0.431640625 0.0234375 0.029296875
1 0.7328125 0.5 0.0609375 0.041015625
