3 0.0015625 0.486328125 0.05 0.212890625
3 0.0078125 0.4609375 0.2078125 0.181640625
3 0.21875 0.43359375 0.053125 0.056640625
3 0.3296875 0.435546875 0.078125 0.05078125
3 0.603125 0.44921875 0.0375 0.04296875
3 0.55625 0.443359375 0.034375 0.03515625
3 0.665625 0.4453125 0.0875 0.10546875
3 0.715625 0.486328125 0.1171875 0.126953125
3 0.7578125 0.484375 0.2375 0.197265625
3 0.909375 0.5625 0.0859375 0.2109375
1 0.7453125 0.447265625 0.0265625 0.0546875
1 0.703125 0.45703125 0.03125 0.11328125
3 0.246875 0.427734375 0.046875 0.05859375
3 0.284375 0.439453125 0.0296875 0.04296875
3 0.2890625 0.427734375 0.0421875 0.052734375
3 0.4234375 0.443359375 0.0328125 0.029296875
1 0.4515625 0.443359375 0.0171875 0.03125
3 0.5125 0.4453125 0.021875 0.0234375
3 0.625 0.4609375 0.0421875 0.0546875
