1 0.153125 0.46875 0.059375 0.162109375
2 0.1578125 0.578125 0.0515625 0.109375
1 0.4828125 0.439453125 0.025 0.05859375
1 0.4140625 0.439453125 0.021875 0.05078125
3 0.0 0.5078125 0.1734375 0.17578125
3 0.1296875 0.478515625 0.125 0.103515625
3 0.2171875 0.48046875 0.0828125 0.076171875
3 0.2640625 0.466796875 0.0703125 0.068359375
3 0.31875 0.46484375 0.0609375 0.060546875
3 0.35 0.44921875 0.0546875 0.056640625
3 0.6953125 0.548828125 0.303125 0.333984375
3 0.6515625 0.4921875 0.1796875 0.189453125
3 0.615625 0.447265625 0.1375 0.17578125
3 0.49375 0.431640625 0.0375 0.052734375
3 0.3984375 0.43359375 0.034375 0.041015625
3 0.434375 0.4375 0.025 0.02734375
3 0.59375 0.462890625 0.04375 0.09765625
3 0.5796875 0.45703125 0.0484375 0.07421875
3 0.5546875 0.4296875 0.0578125 0.076171875
3 0.7515625 0.427734375 0.0984375 0.044921875
3 0.70625 0.427734375 0.034375 0.0234375
