1 0.69375 0.423828125 0.05625 0.14453125
3 0.55625 0.435546875 0.084375 0.076171875
3 0.5234375 0.41796875 0.0359375 0.072265625
3 0.5078125 0.412109375 0.028125 0.060546875
3 0.4921875 0.408203125 0.0203125 0.05859375
3 0.471875 0.384765625 0.028125 0.037109375
3 0.4671875 0.36328125 0.025 0.033203125
3 0.45 0.365234375 0.01875 0.0234375
3 0.3640625 0.361328125 0.0234375 0.03515625
3 0.34375 0.380859375 0.021875 0.03125
3 0.325 0.38671875 0.025 0.03515625
3 0.3171875 0.396484375 0.0234375 0.052734375
3 0.26875 0.421875 0.053125 0.05078125
3 0.175 0.4296875 0.0859375 0.080078125
3 0.046875 0.408203125 0.078125 0.05859375
3 0.015625 0.408203125 0.0296875 0.05859375
