3 0.4375 0.455078125 0.1359375 0.125
3 0.7796875 0.4296875 0.05625 0.07421875
1 0.6171875 0.41796875 0.0296875 0.09375
1 0.859375 0.3828125 0.0796875 0.23828125
1 0.940625 0.380859375 0.0546875 0.212890625
1 0.590625 0.431640625 0.0234375 0.056640625
1 0.571875 0.4296875 0.021875 0.060546875
3 0.2375 0.458984375 0.05 0.037109375
1 0.115625 0.46875 0.0234375 0.037109375
1 0.0984375 0.46875 0.028125 0.0546875
3 0.7125 0.42578125 0.034375 0.0703125
3 0.3796875 0.453125 0.0328125 0.029296875
1 0.65625 0.421875 0.01875 0.0390625
