3 0.8515625 0.37109375 0.146875 0.1484375
3 0.9046875 0.423828125 0.0921875 0.125
1 0.784375 0.3828125 0.0671875 0.19140625
1 0.6265625 0.408203125 0.0328125 0.11328125
1 0.609375 0.431640625 0.028125 0.08984375
1 0.1625 0.45703125 0.015625 0.060546875
3 0.7078125 0.43359375 0.040625 0.044921875
1 0.665625 0.416015625 0.0203125 0.02734375
1 0.584375 0.4296875 0.01875 0.05859375
1 0.3765625 0.447265625 0.0125 0.029296875
1 0.546875 0.4296875 0.01875 0.0546875
1 0.1171875 0.470703125 0.021875 0.03515625
