3 0.028125 0.44921875 0.13125 0.099609375
3 0.0015625 0.5078125 0.128125 0.21484375
3 0.1515625 0.47265625 0.14375 0.119140625
3 0.246875 0.458984375 0.1015625 0.095703125
3 0.3234375 0.43359375 0.0703125 0.083984375
3 0.5875 0.4609375 0.0578125 0.087890625
3 0.603125 0.474609375 0.065625 0.109375
3 0.625 0.458984375 0.171875 0.17578125
3 0.675 0.509765625 0.2625 0.23828125
1 0.440625 0.4375 0.0203125 0.033203125
3 0.390625 0.447265625 0.025 0.04296875
3 0.403125 0.439453125 0.028125 0.046875
3 0.41875 0.435546875 0.0265625 0.044921875
3 0.5640625 0.4609375 0.040625 0.0390625
