3 0.871875 0.421875 0.071875 0.056640625
3 0.809375 0.42578125 0.0578125 0.0546875
3 0.725 0.40625 0.078125 0.07421875
3 0.80625 0.4140625 0.1921875 0.16796875
1 0.703125 0.4140625 0.0203125 0.046875
1 0.634375 0.3984375 0.0234375 0.07421875
1 0.615625 0.40625 0.0203125 0.06640625
1 0.596875 0.384765625 0.01875 0.05859375
1 0.5578125 0.39453125 0.01875 0.04296875
3 0.2921875 0.40625 0.0421875 0.02734375
3 0.24375 0.4296875 0.065625 0.0703125
3 0.3046875 0.40234375 0.2890625 0.14453125
3 0.0796875 0.427734375 0.115625 0.111328125
