3 0.7203125 0.416015625 0.278125 0.2109375
1 0.6265625 0.4140625 0.0453125 0.1015625
1 0.6 0.427734375 0.0359375 0.09375
1 0.1125 0.45703125 0.028125 0.064453125
3 0.7796875 0.423828125 0.0578125 0.060546875
1 0.0921875 0.458984375 0.025 0.02734375
3 0.4375 0.447265625 0.040625 0.02734375
1 0.584375 0.4296875 0.0171875 0.06640625
1 0.565625 0.4296875 0.01875 0.068359375
1 0.5421875 0.4375 0.0203125 0.04296875
3 0.709375 0.43359375 0.0359375 0.03125
3 0.85 0.390625 0.0734375 0.037109375
3 0.8546875 0.37890625 0.1359375 0.060546875
