3 0.55625 0.404296875 0.1796875 0.05859375
3 0.5 0.392578125 0.15 0.068359375
3 0.7875 0.412109375 0.08125 0.056640625
3 0.975 0.41015625 0.0234375 0.0625
3 0.8484375 0.404296875 0.1109375 0.0625
3 0.034375 0.384765625 0.0703125 0.056640625
3 0.096875 0.384765625 0.0484375 0.041015625
3 0.1203125 0.40625 0.1265625 0.10546875
3 0.20625 0.369140625 0.0625 0.04296875
1 0.765625 0.400390625 0.0453125 0.16015625
1 0.746875 0.404296875 0.04375 0.130859375
1 0.3125 0.380859375 0.0234375 0.0625
3 0.290625 0.369140625 0.0234375 0.04296875
3 0.3296875 0.3671875 0.0296875 0.046875
