3 0.8484375 0.501953125 0.1484375 0.24609375
3 0.684375 0.48046875 0.140625 0.126953125
3 0.6484375 0.46484375 0.084375 0.095703125
3 0.6296875 0.46484375 0.0546875 0.064453125
3 0.596875 0.4453125 0.0671875 0.072265625
3 0.55 0.443359375 0.0375 0.0390625
1 0.278125 0.44140625 0.01875 0.05078125
1 0.29375 0.443359375 0.0203125 0.0546875
1 0.30625 0.443359375 0.0171875 0.048828125
1 0.38125 0.439453125 0.0125 0.037109375
1 0.39375 0.439453125 0.0109375 0.037109375
1 0.425 0.43359375 0.015625 0.04296875
3 0.4828125 0.439453125 0.0265625 0.02734375
3 0.759375 0.4453125 0.0328125 0.041015625
