3 0.0015625 0.470703125 0.240625 0.326171875
3 0.14375 0.4375 0.1 0.083984375
3 0.3125 0.453125 0.090625 0.08984375
3 0.3875 0.4375 0.05625 0.0625
3 0.6046875 0.455078125 0.065625 0.056640625
3 0.8703125 0.55859375 0.128125 0.25
3 0.43125 0.4453125 0.034375 0.037109375
3 0.515625 0.4375 0.034375 0.029296875
3 0.225 0.43359375 0.0625 0.0625
3 0.021875 0.423828125 0.0734375 0.060546875
3 0.578125 0.44140625 0.040625 0.046875
3 0.5640625 0.443359375 0.025 0.03125
3 0.465625 0.431640625 0.025 0.033203125
