3 0.5796875 0.423828125 0.078125 0.083984375
3 0.5453125 0.416015625 0.0359375 0.064453125
3 0.5296875 0.431640625 0.021875 0.046875
3 0.5171875 0.4296875 0.0203125 0.033203125
3 0.496875 0.431640625 0.025 0.02734375
3 0.484375 0.43359375 0.015625 0.01953125
3 0.4375 0.427734375 0.0359375 0.041015625
3 0.3375 0.423828125 0.028125 0.060546875
1 0.309375 0.40234375 0.0234375 0.138671875
2 0.334375 0.490234375 0.0515625 0.046875
2 0.2671875 0.484375 0.04375 0.056640625
3 0.2265625 0.423828125 0.084375 0.09375
