2 0.696875 0.5234375 0.1578125 0.125
1 0.759375 0.41796875 0.0234375 0.0703125
1 0.9140625 0.47265625 0.0296875 0.09375
1 0.91875 0.470703125 0.04375 0.1015625
1 0.159375 0.458984375 0.0453125 0.11328125
2 0.153125 0.517578125 0.0359375 0.072265625
3 0.628125 0.45703125 0.1359375 0.138671875
3 0.5953125 0.45703125 0.0609375 0.083984375
3 0.584375 0.453125 0.0359375 0.0546875
3 0.5328125 0.423828125 0.0421875 0.046875
3 0.4640625 0.43359375 0.0375 0.04296875
3 0.3421875 0.435546875 0.0734375 0.07421875
2 0.9453125 0.6015625 0.034375 0.10546875
