3 0.6453125 0.458984375 0.15625 0.15234375
3 0.73125 0.447265625 0.2671875 0.36328125
1 0.503125 0.43359375 0.025 0.068359375
1 0.4875 0.44140625 0.0234375 0.056640625
1 0.3375 0.43359375 0.0328125 0.08984375
1 0.0703125 0.408203125 0.034375 0.1328125
1 0.03125 0.400390625 0.0265625 0.140625
1 0.303125 0.427734375 0.0203125 0.056640625
1 0.103125 0.412109375 0.0359375 0.1015625
1 0.709375 0.43359375 0.021875 0.033203125
3 0.4078125 0.439453125 0.0671875 0.0390625
2 0.2765625 0.474609375 0.028125 0.041015625
2 0.2125 0.462890625 0.0296875 0.068359375
2 0.1046875 0.494140625 0.0453125 0.041015625
1 0.75625 0.439453125 0.0203125 0.03125
1 0.771875 0.4453125 0.0234375 0.03515625
1 0.8453125 0.427734375 0.021875 0.025390625
