3 0.0 0.515625 0.0578125 0.23046875
3 0.021875 0.5078125 0.165625 0.16796875
3 0.14375 0.50390625 0.1 0.095703125
3 0.2390625 0.466796875 0.08125 0.091796875
3 0.2890625 0.453125 0.0671875 0.076171875
3 0.3515625 0.458984375 0.040625 0.05078125
3 0.5453125 0.443359375 0.0265625 0.03515625
3 0.5578125 0.4453125 0.0453125 0.0625
3 0.5703125 0.46484375 0.078125 0.0703125
1 0.640625 0.4296875 0.028125 0.0546875
3 0.6140625 0.478515625 0.0703125 0.12890625
3 0.6421875 0.4765625 0.2109375 0.203125
3 0.8625 0.68359375 0.1328125 0.310546875
1 0.4328125 0.435546875 0.01875 0.052734375
3 0.478125 0.431640625 0.025 0.025390625
3 0.4140625 0.443359375 0.0234375 0.029296875
