2 0.0 0.466796875 0.1109375 0.2734375
1 0.0046875 0.310546875 0.11875 0.302734375
1 0.6671875 0.34765625 0.0546875 0.30859375
1 0.5953125 0.34375 0.10625 0.431640625
1 0.34375 0.4296875 0.01875 0.091796875
1 0.3078125 0.42578125 0.028125 0.09375
18 0.725 0.583984375 0.0515625 0.064453125
3 0.946875 0.486328125 0.0515625 0.220703125
3 0.775 0.3828125 0.2234375 0.26171875
3 0.7125 0.421875 0.090625 0.193359375
3 0.5234375 0.40234375 0.090625 0.169921875
3 0.465625 0.443359375 0.0609375 0.09765625
3 0.4140625 0.427734375 0.11875 0.099609375
3 0.3734375 0.435546875 0.0546875 0.07421875
3 0.1125 0.44921875 0.034375 0.060546875
