2 0.4375 0.583984375 0.0265625 0.12890625
2 0.3328125 0.494140625 0.034375 0.0625
1 0.2171875 0.474609375 0.046875 0.134765625
1 0.3328125 0.44140625 0.034375 0.095703125
1 0.4046875 0.45703125 0.0703125 0.234375
1 0.5734375 0.466796875 0.084375 0.244140625
3 0.8703125 0.658203125 0.128125 0.33984375
3 0.7046875 0.53515625 0.2578125 0.232421875
3 0.6484375 0.48046875 0.16875 0.19140625
3 0.246875 0.46875 0.0921875 0.091796875
3 0.1765625 0.46484375 0.053125 0.140625
3 0.0 0.455078125 0.190625 0.228515625
3 0.7046875 0.423828125 0.0921875 0.05859375
3 0.7375 0.439453125 0.071875 0.041015625
3 0.603125 0.44140625 0.0953125 0.029296875
3 0.55625 0.455078125 0.0546875 0.060546875
3 0.5421875 0.4375 0.0578125 0.0625
3 0.4484375 0.435546875 0.0296875 0.03125
3 0.3765625 0.4453125 0.0328125 0.044921875
3 0.40625 0.44140625 0.025 0.037109375
