3 0.925 0.458984375 0.0625 0.080078125
3 0.884375 0.44921875 0.05 0.07421875
3 0.84375 0.46484375 0.0453125 0.05078125
3 0.803125 0.4609375 0.0265625 0.04296875
3 0.7796875 0.458984375 0.0296875 0.044921875
3 0.7578125 0.45703125 0.025 0.05078125
3 0.734375 0.455078125 0.0265625 0.046875
3 0.7046875 0.44921875 0.04375 0.052734375
3 0.5328125 0.412109375 0.1359375 0.138671875
3 0.384375 0.447265625 0.0296875 0.033203125
3 0.2875 0.447265625 0.0453125 0.037109375
3 0.6671875 0.453125 0.0390625 0.04296875
