3 0.4390625 0.45703125 0.13125 0.123046875
3 0.784375 0.4296875 0.0546875 0.0703125
3 0.853125 0.380859375 0.103125 0.1328125
3 0.8984375 0.462890625 0.04375 0.068359375
1 0.9265625 0.373046875 0.071875 0.275390625
1 0.6234375 0.41796875 0.03125 0.095703125
1 0.59375 0.431640625 0.0234375 0.05859375
1 0.5734375 0.435546875 0.025 0.056640625
3 0.70625 0.427734375 0.040625 0.068359375
1 0.1125 0.474609375 0.0234375 0.029296875
1 0.0953125 0.46875 0.03125 0.056640625
1 0.2765625 0.453125 0.0203125 0.03515625
3 0.4375 0.44921875 0.0359375 0.02734375
