3 0.7921875 0.55859375 0.2046875 0.31640625
3 0.68125 0.486328125 0.2046875 0.18359375
3 0.628125 0.48046875 0.1046875 0.1171875
3 0.596875 0.455078125 0.0703125 0.072265625
3 0.490625 0.43359375 0.028125 0.025390625
3 0.1078125 0.4609375 0.146875 0.068359375
1 0.4265625 0.4375 0.0203125 0.046875
3 0.0015625 0.447265625 0.0828125 0.072265625
3 0.203125 0.443359375 0.0984375 0.05859375
3 0.35625 0.4375 0.0296875 0.046875
3 0.5734375 0.44140625 0.0484375 0.064453125
3 0.5625 0.4453125 0.025 0.0546875
3 0.0546875 0.443359375 0.0734375 0.05859375
