1 0.928125 0.4609375 0.0703125 0.37109375
3 0.7 0.474609375 0.13125 0.11328125
3 0.68125 0.470703125 0.053125 0.076171875
3 0.6546875 0.46484375 0.0484375 0.05859375
3 0.3796875 0.435546875 0.06875 0.078125
3 0.3796875 0.455078125 0.040625 0.078125
3 0.271875 0.45703125 0.1265625 0.103515625
3 0.003125 0.412109375 0.228125 0.287109375
3 0.634375 0.462890625 0.03125 0.044921875
3 0.6265625 0.4609375 0.03125 0.041015625
3 0.5921875 0.45703125 0.0265625 0.029296875
3 0.4484375 0.44921875 0.0265625 0.041015625
3 0.478125 0.439453125 0.05625 0.041015625
2 0.9265625 0.57421875 0.05 0.259765625
