1 0.325 0.443359375 0.0296875 0.09765625
1 0.2375 0.443359375 0.021875 0.05078125
1 0.6203125 0.427734375 0.0203125 0.046875
1 0.6046875 0.42578125 0.0203125 0.046875
3 0.7734375 0.431640625 0.2015625 0.12109375
3 0.634375 0.494140625 0.1953125 0.19140625
3 0.70625 0.548828125 0.2921875 0.294921875
3 0.346875 0.447265625 0.0296875 0.046875
3 0.0390625 0.4609375 0.1203125 0.09765625
3 0.0015625 0.453125 0.059375 0.12109375
1 0.5640625 0.42578125 0.0203125 0.033203125
1 0.5328125 0.42578125 0.01875 0.03125
3 0.28125 0.439453125 0.0375 0.046875
3 0.428125 0.4453125 0.034375 0.03515625
3 0.4140625 0.44140625 0.0296875 0.03125
3 0.3953125 0.443359375 0.021875 0.02734375
3 0.89375 0.787109375 0.103125 0.20703125
