1 0.6546875 0.4296875 0.01875 0.044921875
1 0.8140625 0.427734375 0.0375 0.115234375
1 0.759375 0.431640625 0.0203125 0.0390625
1 0.871875 0.43359375 0.040625 0.126953125
1 0.3375 0.46875 0.084375 0.322265625
3 0.5390625 0.427734375 0.0625 0.0625
3 0.446875 0.43359375 0.071875 0.083984375
3 0.409375 0.41796875 0.034375 0.033203125
3 0.5265625 0.435546875 0.0265625 0.044921875
1 0.3484375 0.42578125 0.0203125 0.041015625
1 0.984375 0.4296875 0.0140625 0.10546875
3 0.5015625 0.416015625 0.025 0.044921875
1 0.1484375 0.427734375 0.0203125 0.0859375
