3 0.7734375 0.447265625 0.225 0.134765625
3 0.6546875 0.4296875 0.0578125 0.0546875
3 0.103125 0.458984375 0.1546875 0.13671875
3 0.2390625 0.466796875 0.053125 0.083984375
3 0.2625 0.44140625 0.0546875 0.09765625
1 0.4984375 0.42578125 0.0203125 0.046875
1 0.5296875 0.423828125 0.01875 0.04296875
1 0.359375 0.43359375 0.0234375 0.052734375
3 0.7234375 0.427734375 0.1265625 0.0703125
3 0.6453125 0.396484375 0.10625 0.072265625
3 0.8953125 0.40234375 0.075 0.056640625
3 0.9390625 0.427734375 0.059375 0.05859375
3 0.6171875 0.427734375 0.0265625 0.03515625
3 0.3765625 0.431640625 0.021875 0.0390625
3 0.3140625 0.443359375 0.025 0.06640625
3 0.33125 0.455078125 0.028125 0.04296875
3 0.3921875 0.435546875 0.021875 0.037109375
1 0.5515625 0.423828125 0.0171875 0.04296875
