1 0.103125 0.41015625 0.0546875 0.125
3 0.215625 0.4375 0.0921875 0.05859375
3 0.521875 0.435546875 0.03125 0.05078125
3 0.5265625 0.4453125 0.0296875 0.05078125
3 0.5421875 0.4453125 0.0703125 0.068359375
1 0.7625 0.423828125 0.0265625 0.072265625
1 0.7125 0.421875 0.0234375 0.076171875
1 0.975 0.42578125 0.021875 0.037109375
1 0.1578125 0.41796875 0.0171875 0.048828125
1 0.06875 0.41796875 0.021875 0.0390625
1 0.04375 0.41015625 0.025 0.041015625
1 0.0265625 0.423828125 0.021875 0.03125
3 0.50625 0.4375 0.0203125 0.025390625
3 0.1828125 0.44921875 0.0234375 0.029296875
