3 0.759375 0.43359375 0.2390625 0.384765625
3 0.6078125 0.44140625 0.2046875 0.17578125
3 0.41875 0.455078125 0.0625 0.0625
2 0.1 0.466796875 0.059375 0.078125
2 0.1640625 0.490234375 0.021875 0.044921875
1 0.175 0.43359375 0.01875 0.076171875
1 0.1609375 0.443359375 0.0140625 0.0390625
1 0.0625 0.421875 0.0328125 0.111328125
1 0.034375 0.4140625 0.03125 0.1171875
1 0.6203125 0.4375 0.0171875 0.048828125
1 0.5890625 0.439453125 0.015625 0.0703125
3 0.3953125 0.458984375 0.0296875 0.033203125
1 0.8453125 0.43359375 0.021875 0.037109375
