1 0.8171875 0.49609375 0.059375 0.1796875
1 0.853125 0.4453125 0.05 0.15625
1 0.5484375 0.44140625 0.0265625 0.083984375
2 0.8296875 0.572265625 0.0375 0.126953125
2 0.553125 0.49609375 0.01875 0.05078125
3 0.284375 0.466796875 0.0671875 0.0703125
3 0.240625 0.4765625 0.05625 0.083984375
3 0.478125 0.431640625 0.028125 0.03125
3 0.346875 0.44921875 0.0515625 0.052734375
3 0.7078125 0.427734375 0.0734375 0.072265625
3 0.746875 0.447265625 0.0953125 0.09765625
3 0.9390625 0.470703125 0.0578125 0.099609375
3 0.5734375 0.44921875 0.05625 0.06640625
3 0.4046875 0.4453125 0.021875 0.033203125
3 0.0 0.4921875 0.1203125 0.232421875
3 0.1171875 0.478515625 0.1609375 0.1328125
