3 0.0 0.453125 0.140625 0.115234375
3 0.81875 0.376953125 0.1796875 0.390625
3 0.68125 0.4296875 0.209375 0.197265625
3 0.6078125 0.451171875 0.1296875 0.1171875
2 0.3890625 0.490234375 0.0546875 0.029296875
3 0.50625 0.45703125 0.05 0.044921875
3 0.2765625 0.45703125 0.046875 0.046875
3 0.4890625 0.455078125 0.03125 0.0390625
3 0.3703125 0.45703125 0.01875 0.025390625
3 0.4734375 0.453125 0.0203125 0.03515625
3 0.446875 0.453125 0.025 0.025390625
3 0.3890625 0.453125 0.01875 0.02734375
3 0.3421875 0.453125 0.028125 0.03515625
3 0.325 0.45703125 0.01875 0.0390625
1 0.409375 0.453125 0.021875 0.0390625
