3 0.0 0.41015625 0.18125 0.259765625
3 0.2671875 0.45703125 0.109375 0.087890625
3 0.346875 0.4375 0.06875 0.0859375
3 0.4046875 0.45703125 0.0484375 0.046875
3 0.43125 0.443359375 0.04375 0.04296875
3 0.696875 0.470703125 0.0765625 0.099609375
3 0.7828125 0.41796875 0.215625 0.34765625
2 0.675 0.51953125 0.0296875 0.10546875
2 0.6171875 0.505859375 0.034375 0.08984375
1 0.609375 0.4296875 0.0484375 0.1640625
1 0.6625 0.4296875 0.0515625 0.17578125
3 0.1640625 0.453125 0.06875 0.078125
3 0.49375 0.455078125 0.0234375 0.0234375
3 0.5921875 0.455078125 0.021875 0.0390625
3 0.575 0.458984375 0.01875 0.0234375
