1 0.209375 0.390625 0.021875 0.072265625
1 0.240625 0.40625 0.0578125 0.130859375
2 0.2421875 0.455078125 0.0484375 0.09765625
1 0.7265625 0.390625 0.025 0.078125
1 0.7984375 0.396484375 0.0328125 0.119140625
1 0.8234375 0.384765625 0.025 0.126953125
1 0.9234375 0.396484375 0.0375 0.0859375
3 0.55 0.41796875 0.0328125 0.03515625
3 0.41875 0.40625 0.025 0.041015625
3 0.4375 0.4140625 0.0203125 0.033203125
3 0.4453125 0.412109375 0.0203125 0.03125
2 0.0453125 0.435546875 0.028125 0.0390625
1 0.478125 0.41015625 0.0140625 0.029296875
1 0.49375 0.41015625 0.0140625 0.029296875
