3 0.0390625 0.5234375 0.14375 0.12109375
3 0.171875 0.515625 0.084375 0.076171875
3 0.221875 0.498046875 0.0609375 0.076171875
3 0.2703125 0.4921875 0.05625 0.064453125
3 0.5046875 0.51171875 0.090625 0.103515625
3 0.509375 0.533203125 0.1265625 0.12890625
1 0.7390625 0.51953125 0.065625 0.17578125
18 0.8453125 0.64453125 0.04375 0.06640625
3 0.0546875 0.498046875 0.071875 0.0703125
3 0.4546875 0.509765625 0.040625 0.0390625
3 0.4765625 0.515625 0.034375 0.0625
1 0.3640625 0.4921875 0.0171875 0.037109375
