3 0.640625 0.408203125 0.0828125 0.083984375
3 0.5515625 0.439453125 0.0328125 0.068359375
1 0.5046875 0.404296875 0.0359375 0.115234375
1 0.4265625 0.421875 0.0375 0.09765625
1 0.396875 0.41796875 0.0328125 0.10546875
1 0.559375 0.37890625 0.1671875 0.369140625
1 0.7171875 0.375 0.0703125 0.275390625
1 0.7453125 0.36328125 0.084375 0.306640625
1 0.8203125 0.35546875 0.09375 0.2890625
1 0.896875 0.39453125 0.1 0.41015625
3 0.2765625 0.4375 0.0890625 0.076171875
1 0.15625 0.435546875 0.0140625 0.04296875
1 0.1125 0.43359375 0.015625 0.03515625
1 0.378125 0.4296875 0.015625 0.03125
