3 0.0015625 0.44140625 0.103125 0.095703125
3 0.0296875 0.43359375 0.225 0.1875
1 0.2171875 0.421875 0.034375 0.07421875
3 0.2671875 0.45703125 0.1109375 0.087890625
3 0.334375 0.44140625 0.0671875 0.072265625
3 0.3765625 0.43359375 0.05 0.06640625
3 0.584375 0.453125 0.053125 0.052734375
3 0.678125 0.45703125 0.0421875 0.044921875
3 0.690625 0.45703125 0.0609375 0.0625
3 0.7265625 0.45703125 0.0578125 0.072265625
3 0.8921875 0.490234375 0.10625 0.142578125
1 0.790625 0.453125 0.0375 0.087890625
3 0.41875 0.447265625 0.0296875 0.044921875
3 0.4625 0.44140625 0.0265625 0.037109375
3 0.5484375 0.447265625 0.01875 0.025390625
3 0.634375 0.455078125 0.028125 0.041015625
3 0.484375 0.447265625 0.021875 0.0234375
3 0.571875 0.44921875 0.0296875 0.037109375
