1 0.6421875 0.43359375 0.0125 0.025390625
1 0.628125 0.439453125 0.0140625 0.029296875
1 0.6125 0.4453125 0.009375 0.02734375
1 0.578125 0.439453125 0.0125 0.0390625
3 0.628125 0.421875 0.1828125 0.173828125
3 0.43125 0.431640625 0.01875 0.02734375
3 0.446875 0.443359375 0.021875 0.03125
3 0.40625 0.44921875 0.021875 0.02734375
3 0.3921875 0.44921875 0.0234375 0.03125
3 0.36875 0.44921875 0.028125 0.041015625
3 0.315625 0.44140625 0.0578125 0.068359375
1 0.21875 0.443359375 0.01875 0.046875
1 0.0203125 0.45703125 0.021875 0.05859375
3 0.5328125 0.44140625 0.05 0.052734375
3 0.51875 0.44140625 0.021875 0.041015625
