1 0.6703125 0.435546875 0.04375 0.162109375
1 0.721875 0.447265625 0.046875 0.107421875
1 0.846875 0.44921875 0.0265625 0.041015625
3 0.9453125 0.6484375 0.053125 0.25390625
3 0.815625 0.494140625 0.1828125 0.271484375
3 0.7265625 0.478515625 0.178125 0.158203125
3 0.6375 0.455078125 0.0421875 0.068359375
3 0.4734375 0.4453125 0.040625 0.037109375
3 0.3578125 0.443359375 0.065625 0.076171875
3 0.4171875 0.455078125 0.0296875 0.056640625
3 0.25625 0.453125 0.1296875 0.099609375
3 0.05625 0.40625 0.196875 0.212890625
3 0.596875 0.44921875 0.0375 0.03515625
3 0.54375 0.4453125 0.021875 0.021484375
1 0.528125 0.44140625 0.0125 0.02734375
3 0.921875 0.443359375 0.0765625 0.052734375
3 0.43125 0.44921875 0.025 0.052734375
