3 0.6796875 0.431640625 0.31875 0.365234375
1 0.4953125 0.458984375 0.0359375 0.08203125
3 0.409375 0.41796875 0.01875 0.025390625
3 0.4328125 0.431640625 0.025 0.029296875
3 0.4328125 0.462890625 0.021875 0.0234375
3 0.4453125 0.458984375 0.0421875 0.044921875
3 0.38125 0.412109375 0.0203125 0.0234375
3 0.3578125 0.431640625 0.0203125 0.02734375
3 0.3453125 0.4375 0.025 0.02734375
3 0.3796875 0.435546875 0.021875 0.025390625
3 0.3 0.466796875 0.0625 0.05859375
1 0.0640625 0.423828125 0.0390625 0.125
1 0.03125 0.443359375 0.0234375 0.1015625
1 0.0078125 0.4296875 0.0234375 0.076171875
3 0.0 0.505859375 0.034375 0.123046875
