2 0.696875 0.484375 0.0453125 0.146484375
2 0.6546875 0.515625 0.0328125 0.103515625
2 0.55625 0.49609375 0.028125 0.078125
2 0.515625 0.501953125 0.0359375 0.107421875
2 0.4 0.4375 0.0265625 0.0859375
1 0.6421875 0.35546875 0.090625 0.2421875
1 0.5390625 0.384765625 0.05 0.12109375
1 0.4984375 0.38671875 0.06875 0.203125
1 0.39375 0.37109375 0.04375 0.126953125
1 0.346875 0.400390625 0.0296875 0.07421875
1 0.321875 0.38671875 0.028125 0.08203125
2 0.35 0.455078125 0.0234375 0.041015625
2 0.325 0.44921875 0.01875 0.044921875
3 0.01875 0.3828125 0.1046875 0.109375
