3 0.83125 0.361328125 0.1671875 0.39453125
3 0.5796875 0.435546875 0.18125 0.154296875
3 0.5328125 0.470703125 0.05 0.068359375
3 0.51875 0.486328125 0.021875 0.052734375
3 0.496875 0.478515625 0.0265625 0.05859375
3 0.478125 0.490234375 0.021875 0.05078125
3 0.44375 0.5078125 0.0234375 0.025390625
3 0.403125 0.515625 0.0140625 0.021484375
3 0.384375 0.517578125 0.015625 0.01953125
3 0.359375 0.509765625 0.0265625 0.029296875
3 0.2390625 0.490234375 0.071875 0.0546875
3 0.1015625 0.470703125 0.1234375 0.091796875
