3 0.1265625 0.490234375 0.1421875 0.123046875
3 0.171875 0.447265625 0.090625 0.052734375
3 0.234375 0.48046875 0.0859375 0.078125
3 0.275 0.46875 0.0625 0.0625
3 0.3171875 0.46484375 0.046875 0.046875
3 0.3375 0.462890625 0.04375 0.041015625
3 0.3546875 0.447265625 0.04375 0.046875
1 0.76875 0.44921875 0.03125 0.064453125
3 0.60625 0.443359375 0.196875 0.193359375
3 0.8578125 0.4296875 0.140625 0.044921875
3 0.9484375 0.52734375 0.05 0.10546875
3 0.5984375 0.474609375 0.0421875 0.0859375
3 0.5234375 0.4453125 0.03125 0.03125
3 0.515625 0.4453125 0.01875 0.02734375
3 0.39375 0.44921875 0.0203125 0.033203125
3 0.40625 0.455078125 0.021875 0.0234375
3 0.4078125 0.435546875 0.028125 0.033203125
