3 0.0 0.416015625 0.115625 0.23046875
3 0.18125 0.435546875 0.15 0.130859375
3 0.328125 0.443359375 0.0765625 0.0859375
3 0.6171875 0.4609375 0.0796875 0.078125
3 0.66875 0.470703125 0.1359375 0.146484375
3 0.7265625 0.4921875 0.221875 0.166015625
3 0.7703125 0.52734375 0.2234375 0.384765625
3 0.5515625 0.458984375 0.03125 0.037109375
3 0.6078125 0.46484375 0.0328125 0.05859375
3 0.5953125 0.46484375 0.0265625 0.04296875
1 0.5390625 0.458984375 0.015625 0.0390625
1 0.5265625 0.458984375 0.015625 0.04296875
3 0.396875 0.45703125 0.025 0.05859375
3 0.4078125 0.453125 0.0234375 0.052734375
3 0.4265625 0.45703125 0.01875 0.044921875
3 0.434375 0.455078125 0.0203125 0.029296875
