3 0.440625 0.486328125 0.075 0.0703125
1 0.5640625 0.4765625 0.0265625 0.08203125
1 0.7046875 0.4765625 0.046875 0.1328125
1 0.74375 0.46484375 0.0484375 0.099609375
1 0.65625 0.470703125 0.01875 0.03515625
1 0.6703125 0.46875 0.0203125 0.037109375
1 0.8484375 0.4609375 0.03125 0.078125
1 0.8765625 0.4453125 0.0484375 0.08984375
1 0.9296875 0.466796875 0.0296875 0.08203125
1 0.146875 0.458984375 0.01875 0.05859375
1 0.0515625 0.458984375 0.0203125 0.033203125
2 0.8171875 0.580078125 0.0515625 0.078125
