1 0.4328125 0.455078125 0.0609375 0.16015625
2 0.4140625 0.5546875 0.1234375 0.076171875
3 0.65 0.42578125 0.053125 0.056640625
3 0.7484375 0.4375 0.05625 0.068359375
3 0.159375 0.408203125 0.10625 0.091796875
3 0.0265625 0.4296875 0.1296875 0.03515625
3 0.409375 0.431640625 0.05625 0.05859375
3 0.484375 0.427734375 0.0359375 0.04296875
3 0.5140625 0.421875 0.0421875 0.041015625
3 0.5453125 0.421875 0.0234375 0.03515625
3 0.571875 0.41796875 0.021875 0.033203125
3 0.8390625 0.421875 0.0546875 0.095703125
3 0.7875 0.42578125 0.034375 0.095703125
