1 0.4203125 0.439453125 0.0375 0.142578125
1 0.5390625 0.435546875 0.0453125 0.15625
1 0.375 0.4375 0.0171875 0.0625
3 0.0 0.478515625 0.121875 0.25390625
3 0.1 0.490234375 0.1203125 0.146484375
3 0.1796875 0.4765625 0.09375 0.103515625
3 0.2390625 0.470703125 0.078125 0.072265625
3 0.278125 0.4453125 0.06875 0.078125
3 0.821875 0.62109375 0.175 0.376953125
3 0.740625 0.4140625 0.2515625 0.328125
3 0.609375 0.455078125 0.1453125 0.158203125
2 0.428125 0.509765625 0.0234375 0.0859375
3 0.58125 0.443359375 0.0765625 0.12109375
3 0.6703125 0.427734375 0.04375 0.02734375
3 0.646875 0.41796875 0.0578125 0.037109375
3 0.5265625 0.443359375 0.028125 0.03515625
3 0.35625 0.4453125 0.025 0.044921875
3 0.3890625 0.44140625 0.0265625 0.037109375
3 0.446875 0.423828125 0.0296875 0.029296875
3 0.1578125 0.439453125 0.065625 0.04296875
