1 0.021875 0.47265625 0.0265625 0.07421875
1 0.0046875 0.46875 0.021875 0.08203125
1 0.6078125 0.435546875 0.01875 0.06640625
1 0.7015625 0.40234375 0.0421875 0.14453125
1 0.7375 0.404296875 0.040625 0.15234375
1 0.7625 0.40234375 0.03125 0.14453125
3 0.4390625 0.455078125 0.11875 0.123046875
3 0.4234375 0.447265625 0.0328125 0.03515625
3 0.7875 0.427734375 0.0546875 0.072265625
3 0.853125 0.375 0.1453125 0.146484375
3 0.903125 0.427734375 0.0953125 0.119140625
1 0.1125 0.474609375 0.025 0.033203125
1 0.56875 0.43359375 0.0203125 0.052734375
3 0.6296875 0.43359375 0.03125 0.03515625
