3 0.0 0.515625 0.1671875 0.203125
3 0.178125 0.47265625 0.14375 0.115234375
3 0.2890625 0.466796875 0.046875 0.078125
3 0.321875 0.44140625 0.0734375 0.064453125
3 0.3765625 0.443359375 0.0453125 0.041015625
3 0.559375 0.453125 0.05 0.037109375
3 0.590625 0.46484375 0.0921875 0.078125
3 0.775 0.455078125 0.08125 0.09375
3 0.85 0.4765625 0.146875 0.109375
3 0.6578125 0.484375 0.1515625 0.146484375
2 0.8234375 0.58984375 0.175 0.1953125
3 0.4296875 0.435546875 0.025 0.0390625
1 0.453125 0.431640625 0.0109375 0.044921875
3 0.4140625 0.44140625 0.0265625 0.037109375
3 0.740625 0.455078125 0.0421875 0.041015625
3 0.3390625 0.4609375 0.0375 0.0625
