3 0.0 0.44921875 0.0625 0.1171875
3 0.0296875 0.427734375 0.11875 0.125
3 0.140625 0.447265625 0.0921875 0.08203125
3 0.2125 0.447265625 0.0546875 0.060546875
3 0.3828125 0.443359375 0.028125 0.02734375
3 0.403125 0.44140625 0.0234375 0.02734375
1 0.609375 0.439453125 0.03125 0.095703125
1 0.2984375 0.43359375 0.0265625 0.056640625
1 0.53125 0.439453125 0.015625 0.03125
3 0.48125 0.443359375 0.0203125 0.0234375
3 0.4484375 0.4453125 0.01875 0.0234375
3 0.428125 0.443359375 0.01875 0.025390625
2 0.6125 0.484375 0.0234375 0.06640625
2 0.2921875 0.45703125 0.0390625 0.0390625
