3 0.8078125 0.46484375 0.046875 0.12890625
3 0.85625 0.42578125 0.140625 0.1953125
1 0.690625 0.455078125 0.0328125 0.083984375
2 0.69375 0.517578125 0.021875 0.05078125
2 0.6578125 0.517578125 0.0234375 0.0390625
1 0.6515625 0.443359375 0.034375 0.0859375
1 0.6328125 0.455078125 0.025 0.0625
2 0.634375 0.49609375 0.01875 0.05078125
2 0.59375 0.494140625 0.021875 0.046875
1 0.59375 0.458984375 0.021875 0.0625
1 0.575 0.466796875 0.021875 0.046875
2 0.5765625 0.494140625 0.01875 0.03515625
2 0.846875 0.53125 0.0609375 0.099609375
1 0.8546875 0.4609375 0.05 0.09375
3 0.0046875 0.412109375 0.06875 0.095703125
3 0.7125 0.462890625 0.1015625 0.07421875
1 0.559375 0.46484375 0.01875 0.046875
1 0.5421875 0.4609375 0.0203125 0.0546875
