3 0.90625 0.439453125 0.0921875 0.166015625
3 0.771875 0.384765625 0.2265625 0.1953125
3 0.740625 0.3984375 0.140625 0.1484375
3 0.7265625 0.4609375 0.021875 0.056640625
3 0.478125 0.3359375 0.240625 0.31640625
1 0.459375 0.40234375 0.0421875 0.1015625
2 0.459375 0.494140625 0.025 0.078125
1 0.1125 0.341796875 0.134375 0.353515625
2 0.1921875 0.57421875 0.0703125 0.15234375
3 0.0 0.353515625 0.11875 0.23046875
3 0.0 0.42578125 0.0828125 0.2109375
3 0.175 0.41015625 0.1515625 0.1640625
3 0.171875 0.380859375 0.19375 0.15625
3 0.3421875 0.421875 0.04375 0.107421875
3 0.334375 0.39453125 0.1375 0.1484375
2 0.0875 0.560546875 0.0921875 0.228515625
