1 0.8890625 0.44921875 0.0421875 0.10546875
3 0.6390625 0.462890625 0.0359375 0.04296875
3 0.5890625 0.462890625 0.040625 0.04296875
3 0.46875 0.47265625 0.0265625 0.02734375
3 0.428125 0.462890625 0.040625 0.04296875
3 0.3703125 0.453125 0.0609375 0.068359375
1 0.9421875 0.47265625 0.0328125 0.1328125
3 0.3078125 0.462890625 0.0421875 0.041015625
3 0.271875 0.470703125 0.034375 0.03515625
3 0.159375 0.458984375 0.090625 0.072265625
3 0.115625 0.466796875 0.046875 0.044921875
3 0.0515625 0.46484375 0.0609375 0.05078125
3 0.0296875 0.46484375 0.0234375 0.05078125
3 0.0 0.46875 0.0265625 0.046875
