2 0.7828125 0.501953125 0.0828125 0.140625
2 0.81875 0.5 0.0734375 0.140625
3 0.3796875 0.4921875 0.025 0.025390625
3 0.4046875 0.490234375 0.01875 0.0234375
2 0.89375 0.478515625 0.0859375 0.14453125
2 0.959375 0.509765625 0.0390625 0.19921875
2 0.6578125 0.48828125 0.025 0.06640625
2 0.621875 0.490234375 0.028125 0.0625
2 0.5921875 0.48828125 0.028125 0.0625
1 0.5765625 0.484375 0.0140625 0.05078125
3 0.3625 0.490234375 0.01875 0.03125
3 0.328125 0.48828125 0.0359375 0.041015625
2 0.928125 0.52734375 0.0375 0.09375
2 0.0953125 0.537109375 0.040625 0.068359375
2 0.05625 0.53125 0.034375 0.064453125
