3 0.0 0.470703125 0.1125 0.23828125
3 0.090625 0.48828125 0.1078125 0.140625
3 0.1828125 0.443359375 0.0953125 0.0546875
3 0.275 0.443359375 0.0671875 0.072265625
3 0.33125 0.439453125 0.05 0.052734375
3 0.4734375 0.41796875 0.0328125 0.03125
3 0.615625 0.43359375 0.0359375 0.064453125
3 0.7265625 0.435546875 0.1359375 0.087890625
3 0.7875 0.44921875 0.2 0.11328125
1 0.5046875 0.423828125 0.025 0.056640625
3 0.940625 0.4765625 0.0578125 0.154296875
3 0.9484375 0.41796875 0.05 0.05859375
3 0.59375 0.421875 0.0625 0.044921875
