1 0.84375 0.42578125 0.025 0.11328125
3 0.596875 0.396484375 0.1734375 0.181640625
3 0.5484375 0.458984375 0.0546875 0.056640625
3 0.528125 0.455078125 0.0234375 0.041015625
3 0.5140625 0.466796875 0.01875 0.029296875
3 0.5046875 0.453125 0.0140625 0.021484375
3 0.4734375 0.4609375 0.0328125 0.037109375
3 0.4484375 0.455078125 0.015625 0.015625
3 0.421875 0.455078125 0.03125 0.0390625
3 0.378125 0.462890625 0.01875 0.033203125
3 0.34375 0.46484375 0.04375 0.0390625
1 0.315625 0.44921875 0.0171875 0.037109375
2 0.3171875 0.486328125 0.0171875 0.03125
