3 0.68125 0.4453125 0.0984375 0.0859375
3 0.6453125 0.458984375 0.0375 0.0625
3 0.5046875 0.4609375 0.0203125 0.02734375
3 0.5125 0.447265625 0.10625 0.095703125
3 0.48125 0.46484375 0.015625 0.017578125
3 0.446875 0.4609375 0.028125 0.0234375
3 0.4234375 0.4609375 0.01875 0.025390625
3 0.4015625 0.455078125 0.0203125 0.02734375
3 0.378125 0.455078125 0.025 0.0390625
3 0.35625 0.455078125 0.0265625 0.041015625
3 0.3421875 0.458984375 0.0234375 0.0390625
3 0.30625 0.455078125 0.0421875 0.046875
3 0.25 0.458984375 0.0734375 0.05859375
3 0.0 0.44140625 0.1890625 0.138671875
