3 0.0 0.537109375 0.1375 0.248046875
3 0.0765625 0.49609375 0.1546875 0.17578125
3 0.196875 0.466796875 0.121875 0.13671875
3 0.3078125 0.458984375 0.090625 0.091796875
3 0.4640625 0.431640625 0.0578125 0.0625
3 0.6078125 0.458984375 0.1015625 0.083984375
3 0.7421875 0.5078125 0.175 0.197265625
3 0.8171875 0.515625 0.18125 0.388671875
3 0.05 0.4453125 0.1109375 0.0625
3 0.159375 0.431640625 0.1015625 0.03515625
3 0.153125 0.4453125 0.0625 0.0546875
3 0.5875 0.4375 0.0515625 0.05859375
3 0.840625 0.455078125 0.121875 0.072265625
3 0.915625 0.44921875 0.0828125 0.05859375
3 0.3890625 0.44921875 0.0421875 0.0546875
1 0.4203125 0.439453125 0.0234375 0.046875
