1 0.3453125 0.427734375 0.0203125 0.0703125
1 0.33125 0.4296875 0.0234375 0.0625
1 0.3890625 0.44140625 0.021875 0.041015625
1 0.4046875 0.44921875 0.01875 0.033203125
1 0.5984375 0.439453125 0.0234375 0.083984375
1 0.6375 0.443359375 0.0265625 0.08203125
1 0.6796875 0.447265625 0.01875 0.05859375
3 0.725 0.470703125 0.1328125 0.138671875
3 0.796875 0.43359375 0.196875 0.259765625
3 0.9515625 0.65625 0.0453125 0.1640625
1 0.840625 0.443359375 0.053125 0.0546875
1 0.703125 0.453125 0.0203125 0.0546875
1 0.80625 0.455078125 0.0171875 0.0234375
