3 0.20625 0.478515625 0.0734375 0.11328125
3 0.0 0.505859375 0.1765625 0.220703125
3 0.275 0.4609375 0.1046875 0.09375
3 0.3484375 0.455078125 0.0515625 0.06640625
3 0.38125 0.439453125 0.0578125 0.060546875
3 0.4640625 0.435546875 0.05 0.044921875
3 0.58125 0.4296875 0.034375 0.029296875
3 0.6390625 0.439453125 0.1125 0.1328125
3 0.8359375 0.470703125 0.1625 0.29296875
3 0.75625 0.5078125 0.0609375 0.17578125
3 0.9390625 0.689453125 0.0578125 0.19921875
1 0.1546875 0.48828125 0.103125 0.244140625
2 0.1640625 0.619140625 0.065625 0.15625
1 0.7875 0.466796875 0.09375 0.3671875
3 0.4234375 0.4375 0.0265625 0.052734375
3 0.484375 0.4296875 0.025 0.03515625
3 0.8953125 0.43359375 0.0953125 0.048828125
1 0.540625 0.43359375 0.0171875 0.037109375
3 0.0796875 0.47265625 0.0953125 0.03515625
3 0.6171875 0.455078125 0.0375 0.0546875
