3 0.0015625 0.45703125 0.103125 0.193359375
3 0.6 0.439453125 0.0734375 0.08984375
3 0.61875 0.455078125 0.0828125 0.095703125
3 0.6625 0.447265625 0.1578125 0.1640625
3 0.70625 0.47265625 0.28125 0.25390625
1 0.8546875 0.4453125 0.053125 0.0546875
1 0.95 0.4296875 0.046875 0.224609375
1 0.5765625 0.431640625 0.034375 0.115234375
1 0.3625 0.435546875 0.0234375 0.0859375
1 0.34375 0.421875 0.021875 0.0625
2 0.3140625 0.478515625 0.0359375 0.078125
1 0.3140625 0.4375 0.040625 0.0859375
3 0.525 0.4375 0.025 0.029296875
3 0.5640625 0.447265625 0.021875 0.03515625
3 0.4328125 0.4375 0.0265625 0.02734375
1 0.4578125 0.4375 0.0125 0.029296875
3 0.4890625 0.439453125 0.0140625 0.015625
3 0.021875 0.44140625 0.1046875 0.09765625
3 0.38125 0.4375 0.040625 0.033203125
