3 0.153125 0.40234375 0.06875 0.064453125
1 0.9296875 0.439453125 0.0375 0.154296875
1 0.8640625 0.4140625 0.1 0.220703125
1 0.603125 0.41796875 0.1 0.19140625
1 0.4953125 0.41015625 0.0765625 0.166015625
1 0.446875 0.3984375 0.05 0.17578125
1 0.4140625 0.40625 0.0453125 0.12890625
1 0.3796875 0.408203125 0.0375 0.0859375
1 0.3515625 0.42578125 0.0546875 0.162109375
1 0.325 0.392578125 0.0375 0.150390625
1 0.2796875 0.400390625 0.05 0.146484375
1 0.25625 0.40234375 0.04375 0.126953125
1 0.659375 0.412109375 0.03125 0.119140625
1 0.23125 0.390625 0.0203125 0.0625
3 0.575 0.431640625 0.075 0.072265625
