1 0.553125 0.439453125 0.03125 0.119140625
1 0.515625 0.44140625 0.03125 0.126953125
3 0.5828125 0.458984375 0.096875 0.095703125
3 0.4375 0.427734375 0.04375 0.046875
3 0.3453125 0.44921875 0.040625 0.056640625
3 0.3265625 0.45703125 0.0375 0.05859375
3 0.30625 0.458984375 0.0359375 0.0703125
3 0.2421875 0.45703125 0.075 0.091796875
3 0.196875 0.474609375 0.08125 0.095703125
3 0.06875 0.490234375 0.178125 0.130859375
3 0.853125 0.4296875 0.1375 0.150390625
3 0.946875 0.490234375 0.0515625 0.146484375
2 0.5234375 0.521484375 0.0203125 0.068359375
3 0.3828125 0.44140625 0.0359375 0.03515625
