1 0.63125 0.421875 0.0203125 0.08984375
1 0.609375 0.41015625 0.028125 0.09765625
1 0.7078125 0.39453125 0.0546875 0.150390625
1 0.4140625 0.4296875 0.0234375 0.072265625
3 0.7796875 0.423828125 0.059375 0.07421875
3 0.8515625 0.376953125 0.1453125 0.14453125
3 0.903125 0.42578125 0.0953125 0.12109375
1 0.540625 0.435546875 0.0171875 0.041015625
1 0.46875 0.43359375 0.0171875 0.048828125
1 0.4609375 0.4375 0.0140625 0.046875
1 0.3703125 0.447265625 0.0140625 0.02734375
1 0.1578125 0.45703125 0.0203125 0.04296875
1 0.115625 0.466796875 0.021875 0.056640625
