3 0.0015625 0.458984375 0.1046875 0.2109375
3 0.284375 0.447265625 0.09375 0.09375
3 0.3328125 0.443359375 0.071875 0.078125
3 0.39375 0.443359375 0.0609375 0.0703125
3 0.446875 0.453125 0.0375 0.041015625
3 0.7265625 0.44921875 0.06875 0.08203125
3 0.771875 0.45703125 0.08125 0.08203125
3 0.84375 0.45703125 0.1453125 0.12890625
3 0.896875 0.4609375 0.1015625 0.126953125
3 0.9046875 0.578125 0.0921875 0.251953125
1 0.690625 0.447265625 0.021875 0.072265625
1 0.53125 0.439453125 0.01875 0.041015625
1 0.509375 0.44140625 0.01875 0.03515625
3 0.5671875 0.453125 0.0296875 0.025390625
3 0.0046875 0.416015625 0.1046875 0.076171875
3 0.0671875 0.416015625 0.225 0.189453125
1 0.59375 0.443359375 0.0140625 0.037109375
3 0.48125 0.453125 0.021875 0.033203125
