1 0.7296875 0.400390625 0.0328125 0.12890625
3 0.43125 0.447265625 0.03125 0.03125
3 0.4296875 0.443359375 0.015625 0.01953125
3 0.4015625 0.435546875 0.0125 0.015625
3 0.3734375 0.4453125 0.0234375 0.02734375
3 0.3625 0.453125 0.0125 0.01953125
3 0.353125 0.453125 0.0125 0.01953125
3 0.334375 0.453125 0.021875 0.025390625
3 0.315625 0.455078125 0.025 0.029296875
3 0.296875 0.453125 0.025 0.033203125
3 0.25 0.435546875 0.0484375 0.056640625
3 0.1640625 0.439453125 0.10625 0.09765625
1 0.0328125 0.40625 0.1296875 0.34765625
1 0.0015625 0.443359375 0.0234375 0.072265625
3 0.0 0.5 0.04375 0.111328125
