1 0.046875 0.470703125 0.0828125 0.291015625
3 0.0 0.51171875 0.059375 0.189453125
3 0.103125 0.486328125 0.125 0.125
3 0.20625 0.47265625 0.0796875 0.091796875
3 0.2875 0.443359375 0.0734375 0.087890625
3 0.328125 0.458984375 0.10625 0.10546875
3 0.6671875 0.4765625 0.325 0.359375
3 0.6421875 0.484375 0.1015625 0.15625
3 0.6078125 0.474609375 0.084375 0.126953125
3 0.578125 0.462890625 0.059375 0.099609375
3 0.4375 0.42578125 0.021875 0.033203125
3 0.4578125 0.4296875 0.0203125 0.025390625
3 0.48125 0.423828125 0.0296875 0.029296875
1 0.496875 0.431640625 0.0203125 0.046875
3 0.2546875 0.443359375 0.0453125 0.041015625
3 0.5421875 0.431640625 0.071875 0.09375
1 0.8203125 0.40625 0.0109375 0.02734375
1 0.8125 0.41015625 0.0109375 0.0234375
1 0.8046875 0.408203125 0.0109375 0.02734375
