1 0.890625 0.439453125 0.0234375 0.08203125
1 0.859375 0.423828125 0.0234375 0.09375
1 0.828125 0.423828125 0.028125 0.09765625
1 0.7171875 0.4375 0.015625 0.029296875
1 0.715625 0.46875 0.0203125 0.052734375
1 0.69375 0.435546875 0.01875 0.05078125
1 0.6671875 0.4375 0.0203125 0.064453125
1 0.6453125 0.427734375 0.0203125 0.056640625
1 0.609375 0.4453125 0.0109375 0.03125
1 0.596875 0.443359375 0.0140625 0.037109375
3 0.5296875 0.44921875 0.0234375 0.01953125
3 0.4171875 0.4453125 0.0625 0.0625
