3 0.0 0.4453125 0.215625 0.3046875
3 0.184375 0.494140625 0.1078125 0.150390625
3 0.2140625 0.48046875 0.1046875 0.109375
3 0.2765625 0.474609375 0.0734375 0.083984375
3 0.315625 0.462890625 0.059375 0.072265625
3 0.3921875 0.4453125 0.0484375 0.05078125
3 0.509375 0.43359375 0.03125 0.037109375
1 0.6203125 0.443359375 0.025 0.123046875
1 0.603125 0.462890625 0.0265625 0.107421875
1 0.575 0.4453125 0.0296875 0.126953125
3 0.6453125 0.4765625 0.125 0.12109375
3 0.784375 0.48828125 0.2109375 0.3828125
3 0.4328125 0.4375 0.025 0.04296875
3 0.4515625 0.4375 0.0203125 0.03125
3 0.184375 0.447265625 0.0953125 0.0390625
