1 0.753125 0.41796875 0.034375 0.130859375
1 0.7125 0.40234375 0.040625 0.1484375
1 0.6375 0.421875 0.040625 0.10546875
1 0.690625 0.416015625 0.028125 0.103515625
1 0.5734375 0.431640625 0.021875 0.072265625
1 0.6 0.42578125 0.01875 0.064453125
3 0.7875 0.423828125 0.0515625 0.0703125
3 0.85625 0.376953125 0.140625 0.138671875
3 0.9046875 0.43359375 0.0921875 0.107421875
3 0.390625 0.44921875 0.0546875 0.056640625
3 0.4328125 0.4453125 0.0296875 0.03125
1 0.5515625 0.435546875 0.0125 0.05078125
1 0.5421875 0.435546875 0.0109375 0.05078125
1 0.3765625 0.447265625 0.0109375 0.029296875
1 0.159375 0.458984375 0.015625 0.04296875
1 0.1171875 0.47265625 0.0203125 0.029296875
1 0.1015625 0.462890625 0.0203125 0.052734375
