3 0.5984375 0.44140625 0.046875 0.07421875
1 0.553125 0.4296875 0.0453125 0.140625
3 0.5265625 0.42578125 0.0265625 0.0703125
3 0.509375 0.4140625 0.0203125 0.06640625
3 0.49375 0.412109375 0.01875 0.05859375
3 0.4765625 0.38671875 0.0296875 0.0390625
3 0.4671875 0.3671875 0.0265625 0.037109375
3 0.4515625 0.369140625 0.0203125 0.025390625
3 0.35625 0.369140625 0.0296875 0.029296875
3 0.34375 0.3828125 0.0234375 0.029296875
3 0.33125 0.39453125 0.028125 0.033203125
3 0.321875 0.400390625 0.0265625 0.044921875
3 0.30625 0.41015625 0.028125 0.044921875
3 0.2671875 0.41796875 0.046875 0.05078125
3 0.16875 0.435546875 0.0921875 0.083984375
3 0.0484375 0.412109375 0.075 0.0625
3 0.0171875 0.4140625 0.028125 0.05859375
