2 0.0078125 0.53125 0.1 0.06640625
1 0.0265625 0.466796875 0.0546875 0.123046875
1 0.409375 0.435546875 0.0359375 0.078125
2 0.4140625 0.48828125 0.0265625 0.052734375
1 0.7734375 0.42578125 0.0328125 0.046875
1 0.7390625 0.42578125 0.0296875 0.09375
1 0.6484375 0.431640625 0.0203125 0.04296875
3 0.5453125 0.43359375 0.05 0.03515625
3 0.490625 0.486328125 0.3046875 0.349609375
2 0.56875 0.46484375 0.0703125 0.03125
3 0.5 0.416015625 0.0296875 0.033203125
3 0.5265625 0.4375 0.028125 0.041015625
1 0.9796875 0.4296875 0.01875 0.11328125
1 0.8125 0.41796875 0.0234375 0.0546875
