1 0.5765625 0.447265625 0.0296875 0.119140625
1 0.5953125 0.421875 0.05625 0.18359375
1 0.4203125 0.453125 0.0265625 0.07421875
1 0.403125 0.455078125 0.021875 0.072265625
3 0.6421875 0.47265625 0.046875 0.087890625
3 0.6671875 0.46875 0.08125 0.125
3 0.671875 0.4765625 0.175 0.177734375
3 0.3515625 0.46484375 0.0484375 0.0703125
3 0.325 0.47265625 0.0453125 0.0703125
3 0.2296875 0.453125 0.0953125 0.119140625
3 0.0890625 0.466796875 0.1828125 0.140625
3 0.525 0.462890625 0.040625 0.033203125
3 0.4328125 0.453125 0.0328125 0.0390625
3 0.8921875 0.486328125 0.040625 0.078125
