1 0.6328125 0.416015625 0.05 0.19140625
1 0.265625 0.427734375 0.040625 0.154296875
1 0.2421875 0.416015625 0.0359375 0.162109375
1 0.2125 0.427734375 0.0421875 0.15234375
3 0.74375 0.4453125 0.253125 0.244140625
3 0.68125 0.42578125 0.15625 0.177734375
3 0.553125 0.439453125 0.028125 0.02734375
3 0.44375 0.439453125 0.03125 0.0234375
3 0.3671875 0.4296875 0.071875 0.046875
3 0.3265625 0.4453125 0.0546875 0.087890625
3 0.3 0.447265625 0.046875 0.10546875
3 0.6234375 0.4375 0.03125 0.068359375
3 0.5921875 0.443359375 0.028125 0.033203125
3 0.5140625 0.439453125 0.01875 0.0234375
1 0.4734375 0.435546875 0.0109375 0.037109375
