3 0.671875 0.453125 0.184375 0.169921875
3 0.59375 0.46484375 0.1046875 0.103515625
1 0.571875 0.431640625 0.0171875 0.056640625
3 0.5 0.455078125 0.0609375 0.072265625
3 0.490625 0.423828125 0.03125 0.04296875
3 0.428125 0.416015625 0.0359375 0.0390625
3 0.4703125 0.404296875 0.0234375 0.03515625
3 0.4015625 0.380859375 0.021875 0.03515625
3 0.3796875 0.4140625 0.025 0.03515625
3 0.3515625 0.42578125 0.0375 0.046875
3 0.3328125 0.404296875 0.028125 0.029296875
3 0.15 0.451171875 0.0734375 0.083984375
3 0.0765625 0.453125 0.0875 0.09765625
3 0.0 0.45703125 0.115625 0.111328125
