3 0.0 0.40234375 0.1671875 0.138671875
3 0.1625 0.42578125 0.103125 0.1171875
3 0.046875 0.470703125 0.0796875 0.09375
3 0.0 0.44140625 0.05 0.12890625
3 0.265625 0.4296875 0.0609375 0.107421875
1 0.53125 0.43359375 0.028125 0.05859375
1 0.8515625 0.41796875 0.025 0.076171875
1 0.634375 0.439453125 0.025 0.0546875
1 0.7671875 0.416015625 0.0203125 0.04296875
2 0.9375 0.45703125 0.025 0.056640625
2 0.90625 0.455078125 0.0203125 0.060546875
2 0.8796875 0.45703125 0.0203125 0.060546875
1 0.2984375 0.421875 0.0203125 0.03125
2 0.3296875 0.447265625 0.0234375 0.068359375
2 0.3546875 0.458984375 0.021875 0.056640625
