1 0.834375 0.4140625 0.034375 0.072265625
1 0.103125 0.42578125 0.025 0.087890625
2 0.16875 0.505859375 0.0328125 0.068359375
2 0.0875 0.4609375 0.0203125 0.07421875
3 0.771875 0.42578125 0.2265625 0.166015625
3 0.5546875 0.4453125 0.13125 0.11328125
3 0.521875 0.4453125 0.0609375 0.08203125
3 0.40625 0.44921875 0.0671875 0.06640625
2 0.69375 0.47265625 0.0265625 0.046875
3 0.3984375 0.44921875 0.0203125 0.02734375
1 0.290625 0.439453125 0.0125 0.02734375
2 0.228125 0.470703125 0.0296875 0.0390625
1 0.171875 0.4296875 0.028125 0.078125
2 0.1421875 0.48828125 0.021875 0.044921875
2 0.034375 0.48046875 0.03125 0.041015625
2 0.0 0.46875 0.0328125 0.0546875
1 0.3375 0.4453125 0.0125 0.041015625
