3 0.575 0.42578125 0.0859375 0.08203125
3 0.5453125 0.412109375 0.0421875 0.068359375
3 0.5234375 0.4296875 0.025 0.046875
3 0.50625 0.427734375 0.021875 0.037109375
3 0.49375 0.42578125 0.021875 0.033203125
3 0.4796875 0.431640625 0.0203125 0.025390625
3 0.4484375 0.427734375 0.0265625 0.037109375
3 0.3125 0.42578125 0.05625 0.072265625
3 0.24375 0.427734375 0.0828125 0.052734375
1 0.2046875 0.41015625 0.0328125 0.134765625
2 0.240625 0.478515625 0.0453125 0.060546875
2 0.1640625 0.486328125 0.040625 0.052734375
3 0.2765625 0.4765625 0.0359375 0.03125
