1 0.371875 0.43359375 0.021875 0.0546875
1 0.665625 0.42578125 0.01875 0.068359375
1 0.75 0.443359375 0.021875 0.09375
1 0.775 0.4453125 0.0265625 0.076171875
1 0.303125 0.42578125 0.0171875 0.0546875
1 0.3921875 0.435546875 0.0265625 0.0546875
3 0.4171875 0.439453125 0.01875 0.029296875
3 0.5125 0.447265625 0.021875 0.025390625
1 0.6484375 0.435546875 0.0203125 0.064453125
1 0.634375 0.4296875 0.021875 0.07421875
1 0.6015625 0.4296875 0.021875 0.06640625
2 0.8015625 0.560546875 0.0296875 0.103515625
2 0.91875 0.5234375 0.040625 0.099609375
