3 0.046875 0.458984375 0.18125 0.134765625
3 0.1984375 0.45703125 0.090625 0.083984375
3 0.278125 0.45703125 0.0765625 0.0625
3 0.55 0.447265625 0.065625 0.05859375
3 0.7234375 0.4609375 0.0453125 0.05078125
1 0.6796875 0.439453125 0.0359375 0.10546875
1 0.50625 0.4375 0.0171875 0.052734375
3 0.365625 0.44921875 0.0421875 0.05078125
3 0.325 0.4453125 0.053125 0.0625
3 0.3953125 0.443359375 0.0421875 0.041015625
3 0.4390625 0.44140625 0.0203125 0.033203125
1 0.4796875 0.439453125 0.0125 0.03125
3 0.521875 0.443359375 0.01875 0.03515625
3 0.0 0.5078125 0.025 0.09375
