1 0.6640625 0.435546875 0.0359375 0.130859375
3 0.396875 0.443359375 0.065625 0.056640625
3 0.296875 0.4375 0.0421875 0.0546875
3 0.2484375 0.447265625 0.0625 0.0546875
2 0.671875 0.5 0.0234375 0.08984375
1 0.5828125 0.447265625 0.015625 0.0390625
1 0.565625 0.4453125 0.015625 0.041015625
1 0.5453125 0.44140625 0.015625 0.04296875
3 0.3375 0.447265625 0.034375 0.041015625
3 0.371875 0.447265625 0.0234375 0.037109375
3 0.4875 0.455078125 0.021875 0.021484375
3 0.4484375 0.44921875 0.0203125 0.025390625
