1 0.0 0.4453125 0.025 0.15234375
1 0.0234375 0.4453125 0.040625 0.14453125
1 0.3703125 0.443359375 0.046875 0.18359375
1 0.5828125 0.466796875 0.0671875 0.185546875
2 0.38125 0.548828125 0.0359375 0.09765625
3 0.2640625 0.44921875 0.090625 0.078125
3 0.628125 0.478515625 0.0421875 0.07421875
3 0.5640625 0.44140625 0.0328125 0.06640625
3 0.340625 0.458984375 0.0265625 0.060546875
3 0.5921875 0.423828125 0.0515625 0.046875
3 0.4328125 0.435546875 0.025 0.033203125
3 0.54375 0.44140625 0.0296875 0.052734375
