3 0.2875 0.4375 0.1125 0.060546875
3 0.546875 0.443359375 0.0609375 0.068359375
3 0.5265625 0.443359375 0.0375 0.05078125
1 0.61875 0.42578125 0.0234375 0.087890625
1 0.584375 0.42578125 0.0546875 0.126953125
1 0.6203125 0.365234375 0.184375 0.541015625
1 0.84375 0.41796875 0.021875 0.046875
1 0.971875 0.42578125 0.0234375 0.05078125
1 0.453125 0.427734375 0.01875 0.041015625
1 0.05 0.423828125 0.0234375 0.03125
1 0.028125 0.423828125 0.0265625 0.029296875
1 0.4421875 0.431640625 0.01875 0.0390625
1 0.0703125 0.421875 0.021875 0.033203125
3 0.50625 0.439453125 0.025 0.02734375
