1 0.6921875 0.44140625 0.078125 0.166015625
1 0.6515625 0.412109375 0.0609375 0.197265625
1 0.4953125 0.412109375 0.0359375 0.177734375
1 0.4640625 0.416015625 0.0453125 0.171875
1 0.390625 0.400390625 0.0546875 0.1484375
1 0.3765625 0.384765625 0.025 0.099609375
1 0.3390625 0.37890625 0.0484375 0.158203125
1 0.3171875 0.384765625 0.028125 0.1328125
1 0.2625 0.408203125 0.0421875 0.12890625
1 0.209375 0.38671875 0.0421875 0.125
3 0.1484375 0.400390625 0.0703125 0.0703125
3 0.571875 0.42578125 0.109375 0.083984375
3 0.434375 0.4140625 0.053125 0.064453125
3 0.840625 0.43359375 0.1296875 0.033203125
3 0.7953125 0.41015625 0.09375 0.037109375
1 0.3 0.3984375 0.0203125 0.140625
1 0.2421875 0.37890625 0.025 0.13671875
