3 0.5828125 0.41015625 0.20625 0.18359375
3 0.7890625 0.443359375 0.084375 0.041015625
3 0.53125 0.4609375 0.0546875 0.060546875
3 0.440625 0.48046875 0.028125 0.037109375
3 0.415625 0.4921875 0.021875 0.025390625
3 0.4 0.494140625 0.01875 0.02734375
3 0.3875 0.486328125 0.0203125 0.033203125
3 0.359375 0.474609375 0.028125 0.04296875
3 0.340625 0.48046875 0.025 0.03515625
3 0.2953125 0.470703125 0.046875 0.0546875
3 0.20625 0.453125 0.0875 0.08984375
1 0.1375 0.458984375 0.025 0.07421875
1 0.0453125 0.4609375 0.021875 0.078125
3 0.4796875 0.4921875 0.025 0.029296875
