1 0.865625 0.50390625 0.128125 0.4453125
2 0.38125 0.630859375 0.0421875 0.134765625
1 0.3515625 0.486328125 0.0953125 0.25390625
1 0.3578125 0.4453125 0.040625 0.0703125
3 0.0015625 0.505859375 0.171875 0.240234375
3 0.2125 0.458984375 0.1203125 0.125
3 0.2828125 0.44140625 0.071875 0.119140625
3 0.375 0.443359375 0.053125 0.0625
3 0.4296875 0.435546875 0.0453125 0.03515625
3 0.5625 0.435546875 0.0421875 0.041015625
3 0.59375 0.458984375 0.034375 0.072265625
3 0.6234375 0.4609375 0.0765625 0.078125
3 0.6484375 0.484375 0.0859375 0.1015625
3 0.684375 0.5 0.1734375 0.1484375
3 0.4703125 0.43359375 0.021875 0.033203125
3 0.48125 0.427734375 0.0234375 0.029296875
3 0.6671875 0.42578125 0.01875 0.03125
3 0.68125 0.412109375 0.09375 0.04296875
