2 0.0 0.48046875 0.0671875 0.046875
3 0.8875 0.458984375 0.1109375 0.259765625
3 0.7375 0.40625 0.2609375 0.25
3 0.6390625 0.439453125 0.15 0.142578125
3 0.49375 0.43359375 0.05625 0.060546875
3 0.4796875 0.44140625 0.0234375 0.044921875
3 0.2546875 0.44921875 0.059375 0.046875
3 0.371875 0.453125 0.021875 0.021484375
3 0.4640625 0.4453125 0.021875 0.033203125
3 0.45 0.447265625 0.0171875 0.025390625
3 0.4390625 0.455078125 0.015625 0.01953125
3 0.3921875 0.453125 0.0171875 0.021484375
3 0.3421875 0.453125 0.028125 0.03125
3 0.3171875 0.4453125 0.0234375 0.044921875
3 0.225 0.44921875 0.021875 0.033203125
1 0.009375 0.435546875 0.0359375 0.052734375
