3 0.0 0.49609375 0.1296875 0.22265625
3 0.0828125 0.474609375 0.1296875 0.154296875
3 0.2296875 0.455078125 0.0984375 0.09765625
3 0.3140625 0.447265625 0.0609375 0.060546875
3 0.6765625 0.4453125 0.165625 0.0859375
3 0.859375 0.4921875 0.1203125 0.10546875
3 0.6203125 0.43359375 0.046875 0.044921875
1 0.3953125 0.431640625 0.0203125 0.052734375
1 0.496875 0.435546875 0.01875 0.04296875
3 0.803125 0.431640625 0.0671875 0.072265625
3 0.5921875 0.435546875 0.0296875 0.03125
1 0.5390625 0.4296875 0.015625 0.041015625
3 0.315625 0.4609375 0.034375 0.060546875
