3 0.1421875 0.447265625 0.0953125 0.07421875
3 0.2453125 0.44921875 0.0578125 0.048828125
3 0.3265625 0.453125 0.0296875 0.029296875
3 0.3453125 0.447265625 0.025 0.03125
2 0.68125 0.443359375 0.0703125 0.13671875
2 0.75 0.453125 0.071875 0.119140625
2 0.8265625 0.462890625 0.084375 0.1640625
2 0.9265625 0.4453125 0.071875 0.18359375
2 0.590625 0.458984375 0.0328125 0.0703125
2 0.0 0.54296875 0.028125 0.10546875
1 0.4859375 0.44140625 0.0109375 0.04296875
1 0.4640625 0.44140625 0.0125 0.0390625
1 0.3734375 0.443359375 0.0140625 0.048828125
1 0.10625 0.443359375 0.01875 0.076171875
3 0.315625 0.45703125 0.0234375 0.03515625
3 0.3015625 0.453125 0.021875 0.044921875
2 0.0515625 0.453125 0.04375 0.095703125
2 0.03125 0.453125 0.0265625 0.095703125
2 0.6265625 0.458984375 0.034375 0.072265625
1 0.0 0.412109375 0.0359375 0.12890625
