3 0.0 0.548828125 0.0765625 0.17578125
3 0.025 0.462890625 0.2046875 0.1875
3 0.20625 0.458984375 0.05625 0.130859375
3 0.278125 0.4609375 0.05625 0.09375
3 0.5578125 0.453125 0.0609375 0.0546875
3 0.6390625 0.474609375 0.140625 0.16015625
3 0.6734375 0.515625 0.209375 0.19921875
3 0.7921875 0.537109375 0.2046875 0.458984375
3 0.45625 0.431640625 0.0265625 0.03515625
3 0.3828125 0.443359375 0.040625 0.056640625
1 0.2546875 0.470703125 0.0328125 0.1171875
1 0.4203125 0.466796875 0.0671875 0.201171875
1 0.5765625 0.4921875 0.0796875 0.2421875
1 0.353125 0.44140625 0.03125 0.06640625
2 0.4375 0.564453125 0.0328125 0.12890625
2 0.353125 0.490234375 0.028125 0.0625
3 0.7234375 0.44140625 0.0796875 0.037109375
3 0.70625 0.427734375 0.0828125 0.044921875
3 0.6015625 0.4375 0.09375 0.03515625
3 0.5421875 0.4375 0.0578125 0.05859375
