2 0.0046875 0.48828125 0.0859375 0.12890625
2 0.165625 0.484375 0.0609375 0.08203125
1 0.228125 0.423828125 0.0296875 0.109375
1 0.3703125 0.431640625 0.0203125 0.05859375
3 0.6875 0.46484375 0.0703125 0.103515625
3 0.70625 0.46484375 0.196875 0.177734375
1 0.4703125 0.4375 0.01875 0.044921875
1 0.459375 0.439453125 0.015625 0.04296875
3 0.6578125 0.447265625 0.0859375 0.091796875
1 0.41875 0.439453125 0.01875 0.046875
3 0.6296875 0.44921875 0.046875 0.05078125
1 0.209375 0.41796875 0.01875 0.046875
1 0.390625 0.439453125 0.0203125 0.0546875
