1 0.5875 0.4375 0.0234375 0.05078125
1 0.5234375 0.4375 0.0203125 0.044921875
1 0.5140625 0.4375 0.0203125 0.05078125
1 0.21875 0.4453125 0.0328125 0.1640625
3 0.775 0.453125 0.1484375 0.0859375
3 0.3125 0.44921875 0.065625 0.060546875
3 0.253125 0.4765625 0.034375 0.08984375
3 0.121875 0.474609375 0.1046875 0.126953125
3 0.0015625 0.486328125 0.18125 0.185546875
3 0.003125 0.54296875 0.0375 0.16796875
3 0.6453125 0.435546875 0.0421875 0.052734375
3 0.7015625 0.43359375 0.0265625 0.060546875
3 0.7296875 0.40625 0.1859375 0.099609375
3 0.9234375 0.431640625 0.075 0.13671875
3 0.9546875 0.447265625 0.04375 0.134765625
3 0.4703125 0.431640625 0.01875 0.025390625
3 0.3640625 0.44921875 0.0328125 0.0390625
3 0.3890625 0.453125 0.025 0.03125
1 0.63125 0.4375 0.021875 0.046875
