1 0.709375 0.486328125 0.0234375 0.087890625
3 0.6203125 0.49609375 0.046875 0.046875
3 0.571875 0.48828125 0.0375 0.03515625
3 0.83125 0.5390625 0.1671875 0.3984375
3 0.4203125 0.490234375 0.046875 0.056640625
3 0.38125 0.4921875 0.05 0.06640625
3 0.3125 0.494140625 0.09375 0.07421875
3 0.1453125 0.46875 0.1609375 0.162109375
3 0.0015625 0.5 0.1953125 0.181640625
3 0.45625 0.4921875 0.0265625 0.041015625
3 0.4765625 0.4921875 0.0234375 0.03515625
3 0.490625 0.48046875 0.028125 0.041015625
1 0.5484375 0.486328125 0.0140625 0.02734375
1 0.534375 0.484375 0.015625 0.044921875
3 0.725 0.5 0.040625 0.0390625
