2 0.3375 0.505859375 0.0328125 0.09765625
1 0.321875 0.421875 0.053125 0.171875
1 0.3984375 0.412109375 0.0375 0.138671875
1 0.703125 0.390625 0.0421875 0.1796875
1 0.7640625 0.390625 0.0453125 0.181640625
3 0.796875 0.423828125 0.0453125 0.0703125
3 0.853125 0.37890625 0.1453125 0.140625
3 0.903125 0.4296875 0.0953125 0.12109375
1 0.6328125 0.435546875 0.021875 0.029296875
1 0.159375 0.458984375 0.01875 0.037109375
1 0.1171875 0.46875 0.0203125 0.033203125
1 0.1046875 0.46484375 0.01875 0.05078125
1 0.5859375 0.4296875 0.0203125 0.056640625
1 0.6046875 0.43359375 0.0203125 0.056640625
