3 0.384375 0.44140625 0.03125 0.04296875
3 0.3640625 0.4453125 0.034375 0.0625
3 0.2828125 0.435546875 0.0875 0.095703125
3 0.5734375 0.447265625 0.0546875 0.056640625
3 0.58125 0.4609375 0.0734375 0.07421875
3 0.6328125 0.48828125 0.1234375 0.107421875
3 0.6875 0.509765625 0.2 0.169921875
3 0.8015625 0.552734375 0.19375 0.306640625
3 0.4140625 0.427734375 0.0265625 0.03515625
1 0.45 0.4296875 0.01875 0.04296875
1 0.484375 0.42578125 0.01875 0.05078125
1 0.5125 0.435546875 0.0203125 0.033203125
