2 0.0828125 0.662109375 0.0453125 0.130859375
3 0.0 0.4765625 0.09375 0.287109375
1 0.065625 0.49609375 0.090625 0.283203125
3 0.065625 0.458984375 0.15625 0.17578125
3 0.190625 0.45703125 0.09375 0.12109375
3 0.24375 0.443359375 0.0875 0.095703125
3 0.325 0.455078125 0.0453125 0.0703125
3 0.3890625 0.431640625 0.0375 0.04296875
3 0.415625 0.43359375 0.0296875 0.03515625
3 0.4328125 0.41796875 0.0296875 0.044921875
3 0.54375 0.4375 0.040625 0.041015625
3 0.590625 0.478515625 0.1015625 0.103515625
3 0.6515625 0.470703125 0.1828125 0.150390625
3 0.7015625 0.521484375 0.2859375 0.25
3 0.928125 0.703125 0.0671875 0.208984375
3 0.8421875 0.4375 0.0875 0.02734375
3 0.6921875 0.412109375 0.103125 0.04296875
3 0.659375 0.4140625 0.040625 0.052734375
3 0.484375 0.427734375 0.01875 0.025390625
