3 0.0015625 0.46875 0.109375 0.19921875
3 0.08125 0.458984375 0.159375 0.16015625
3 0.203125 0.46484375 0.1 0.103515625
3 0.25625 0.439453125 0.1 0.10546875
3 0.3328125 0.453125 0.0484375 0.072265625
3 0.3703125 0.44921875 0.0546875 0.060546875
3 0.59375 0.455078125 0.0609375 0.0546875
3 0.640625 0.46875 0.046875 0.09765625
3 0.66875 0.4609375 0.1625 0.169921875
1 0.546875 0.443359375 0.0203125 0.052734375
1 0.5640625 0.4375 0.021875 0.0625
3 0.4234375 0.443359375 0.04375 0.046875
3 0.465625 0.447265625 0.025 0.03125
1 0.496875 0.44140625 0.0109375 0.03515625
3 0.5203125 0.443359375 0.025 0.02734375
1 0.5125 0.439453125 0.0109375 0.037109375
