3 0.7234375 0.4765625 0.225 0.2109375
3 0.8421875 0.521484375 0.153125 0.3671875
1 0.278125 0.4296875 0.028125 0.064453125
1 0.403125 0.431640625 0.021875 0.052734375
1 0.390625 0.4296875 0.0203125 0.046875
1 0.6796875 0.44140625 0.0203125 0.0390625
1 0.65 0.4375 0.01875 0.046875
1 0.584375 0.44140625 0.01875 0.029296875
1 0.571875 0.44140625 0.01875 0.029296875
1 0.565625 0.439453125 0.0125 0.03515625
1 0.3703125 0.427734375 0.01875 0.046875
1 0.353125 0.42578125 0.01875 0.044921875
3 0.6546875 0.443359375 0.1546875 0.1640625
3 0.596875 0.4453125 0.0578125 0.060546875
1 0.2546875 0.412109375 0.0234375 0.07421875
