3 0.0015625 0.435546875 0.1515625 0.12109375
3 0.128125 0.439453125 0.0765625 0.087890625
3 0.1984375 0.443359375 0.075 0.072265625
3 0.3015625 0.4453125 0.0609375 0.056640625
3 0.528125 0.458984375 0.128125 0.1328125
3 0.5 0.443359375 0.0796875 0.095703125
1 0.434375 0.44921875 0.0140625 0.041015625
3 0.9140625 0.51953125 0.084375 0.146484375
1 0.478125 0.455078125 0.0109375 0.041015625
1 0.409375 0.4453125 0.015625 0.046875
1 0.41875 0.4453125 0.015625 0.044921875
3 0.26875 0.443359375 0.0359375 0.0625
3 0.359375 0.453125 0.0328125 0.0390625
3 0.3875 0.45703125 0.021875 0.03125
3 0.45 0.458984375 0.0234375 0.02734375
