3 0.8421875 0.455078125 0.15625 0.337890625
3 0.65625 0.416015625 0.3203125 0.25390625
3 0.4125 0.4453125 0.1203125 0.119140625
3 0.3515625 0.46484375 0.0296875 0.029296875
3 0.25625 0.458984375 0.0375 0.056640625
3 0.2140625 0.462890625 0.0484375 0.068359375
1 0.1171875 0.443359375 0.0421875 0.125
1 0.08125 0.439453125 0.0328125 0.08203125
3 0.015625 0.439453125 0.0734375 0.134765625
1 0.315625 0.4609375 0.0171875 0.03515625
3 0.396875 0.45703125 0.0203125 0.02734375
1 0.515625 0.455078125 0.0109375 0.025390625
