3 0.13125 0.458984375 0.1625 0.158203125
3 0.2671875 0.458984375 0.071875 0.09765625
3 0.3015625 0.443359375 0.0734375 0.091796875
3 0.3640625 0.443359375 0.05 0.05859375
3 0.603125 0.458984375 0.075 0.0703125
3 0.6515625 0.48046875 0.134375 0.12109375
3 0.890625 0.66796875 0.1078125 0.27734375
3 0.5234375 0.4140625 0.0234375 0.025390625
1 0.6296875 0.435546875 0.0234375 0.02734375
3 0.4421875 0.4296875 0.034375 0.033203125
3 0.4171875 0.431640625 0.0328125 0.05078125
3 0.10625 0.447265625 0.084375 0.060546875
3 0.65625 0.42578125 0.034375 0.046875
3 0.7234375 0.435546875 0.040625 0.044921875
