3 0.2484375 0.416015625 0.078125 0.068359375
3 0.3078125 0.41796875 0.0359375 0.05078125
3 0.56875 0.416015625 0.1171875 0.1328125
3 0.5421875 0.400390625 0.06875 0.109375
3 0.5203125 0.42578125 0.03125 0.046875
1 0.49375 0.40234375 0.0234375 0.0703125
1 0.428125 0.396484375 0.0265625 0.078125
3 0.328125 0.412109375 0.0359375 0.046875
3 0.340625 0.40625 0.0375 0.044921875
3 0.3703125 0.40625 0.0234375 0.029296875
3 0.3875 0.404296875 0.01875 0.029296875
2 0.496875 0.439453125 0.0140625 0.044921875
2 0.4296875 0.435546875 0.0203125 0.044921875
