1 0.890625 0.44921875 0.0453125 0.091796875
1 0.871875 0.44921875 0.021875 0.044921875
1 0.8546875 0.447265625 0.021875 0.044921875
1 0.803125 0.455078125 0.0328125 0.0625
1 0.746875 0.439453125 0.025 0.05078125
1 0.6796875 0.3984375 0.0578125 0.21484375
2 0.6875 0.5390625 0.0421875 0.11328125
3 0.6171875 0.435546875 0.0671875 0.068359375
1 0.5421875 0.4375 0.025 0.083984375
1 0.5140625 0.439453125 0.028125 0.095703125
3 0.4828125 0.45703125 0.0296875 0.03125
1 0.4640625 0.439453125 0.01875 0.068359375
3 0.3875 0.44921875 0.03125 0.03125
3 0.3046875 0.44921875 0.09375 0.08203125
3 0.278125 0.44140625 0.0296875 0.029296875
3 0.240625 0.44921875 0.0296875 0.02734375
3 0.0703125 0.44140625 0.084375 0.083984375
3 0.0015625 0.44921875 0.046875 0.072265625
