3 0.771875 0.548828125 0.2265625 0.447265625
3 0.653125 0.427734375 0.11875 0.07421875
3 0.584375 0.478515625 0.16875 0.154296875
3 0.56875 0.46484375 0.08125 0.099609375
3 0.3421875 0.4453125 0.040625 0.041015625
3 0.06875 0.47265625 0.1265625 0.126953125
3 0.115625 0.48828125 0.2109375 0.185546875
3 0.41875 0.44140625 0.0296875 0.03125
3 0.290625 0.435546875 0.0421875 0.04296875
3 0.165625 0.44140625 0.0734375 0.046875
1 0.275 0.4375 0.0203125 0.04296875
1 0.2640625 0.435546875 0.01875 0.04296875
1 0.5796875 0.41796875 0.01875 0.041015625
1 0.5546875 0.423828125 0.0203125 0.044921875
1 0.384375 0.443359375 0.0203125 0.037109375
