3 0.784375 0.44140625 0.190625 0.076171875
1 0.7125 0.455078125 0.034375 0.083984375
1 0.6984375 0.44140625 0.0234375 0.05078125
1 0.5328125 0.44140625 0.0203125 0.0625
3 0.5484375 0.443359375 0.046875 0.056640625
3 0.3296875 0.458984375 0.0578125 0.04296875
3 0.2640625 0.4609375 0.0765625 0.083984375
3 0.1296875 0.45703125 0.140625 0.138671875
3 0.4828125 0.427734375 0.0234375 0.025390625
2 0.534375 0.484375 0.01875 0.041015625
2 0.7078125 0.505859375 0.0328125 0.044921875
3 0.365625 0.439453125 0.04375 0.046875
3 0.671875 0.44140625 0.0375 0.064453125
3 0.771875 0.41796875 0.1015625 0.02734375
