3 0.0 0.3984375 0.14375 0.166015625
3 0.384375 0.42578125 0.040625 0.072265625
3 0.40625 0.421875 0.13125 0.08984375
3 0.453125 0.4375 0.0984375 0.09765625
3 0.525 0.427734375 0.1234375 0.107421875
3 0.5484375 0.43359375 0.1328125 0.12109375
3 0.603125 0.435546875 0.146875 0.146484375
3 0.665625 0.42578125 0.171875 0.177734375
3 0.7703125 0.41015625 0.2265625 0.23828125
3 0.903125 0.44140625 0.0953125 0.28125
1 0.3265625 0.41796875 0.0234375 0.0859375
3 0.3453125 0.43359375 0.05 0.056640625
3 0.3046875 0.447265625 0.0265625 0.033203125
3 0.2890625 0.435546875 0.0375 0.04296875
3 0.1890625 0.43359375 0.028125 0.037109375
3 0.21875 0.4375 0.0265625 0.03515625
3 0.2734375 0.43359375 0.0296875 0.041015625
3 0.1515625 0.4375 0.0359375 0.03125
