2 0.80625 0.646484375 0.0421875 0.1640625
1 0.771875 0.498046875 0.09375 0.287109375
1 0.6375 0.462890625 0.03125 0.08984375
1 0.4875 0.4375 0.021875 0.0546875
3 0.0015625 0.52734375 0.0734375 0.19140625
3 0.01875 0.5 0.16875 0.1640625
3 0.2765625 0.45703125 0.053125 0.05078125
3 0.4453125 0.44140625 0.04375 0.04296875
3 0.5953125 0.455078125 0.0234375 0.05078125
3 0.84375 0.466796875 0.153125 0.150390625
3 0.6671875 0.462890625 0.13125 0.087890625
1 0.25625 0.453125 0.0203125 0.060546875
3 0.34375 0.4453125 0.021875 0.025390625
3 0.4328125 0.443359375 0.0265625 0.033203125
3 0.571875 0.447265625 0.04375 0.044921875
