1 0.7140625 0.412109375 0.034375 0.146484375
1 0.7375 0.404296875 0.0375 0.1484375
1 0.6875 0.40234375 0.0265625 0.13671875
1 0.65 0.392578125 0.0453125 0.15625
3 0.78125 0.42578125 0.05625 0.07421875
3 0.85625 0.376953125 0.1421875 0.14453125
3 0.9046875 0.435546875 0.09375 0.1015625
1 0.6171875 0.427734375 0.028125 0.068359375
1 0.6015625 0.427734375 0.025 0.0703125
1 0.5828125 0.4296875 0.025 0.072265625
1 0.3375 0.447265625 0.01875 0.052734375
3 0.434375 0.443359375 0.0375 0.03515625
1 0.0984375 0.46875 0.028125 0.05859375
1 0.325 0.453125 0.015625 0.052734375
1 0.5453125 0.4375 0.01875 0.04296875
1 0.56875 0.43359375 0.01875 0.05078125
1 0.1171875 0.47265625 0.0203125 0.029296875
