3 0.0453125 0.4765625 0.1828125 0.158203125
3 0.1640625 0.466796875 0.1109375 0.10546875
3 0.2703125 0.447265625 0.0765625 0.078125
3 0.3734375 0.44140625 0.0421875 0.041015625
3 0.6453125 0.453125 0.1125 0.068359375
1 0.5125 0.427734375 0.0203125 0.041015625
3 0.84375 0.46875 0.08125 0.09765625
3 0.7703125 0.4609375 0.04375 0.09765625
1 0.4953125 0.435546875 0.015625 0.041015625
1 0.53125 0.4296875 0.0140625 0.0390625
3 0.3296875 0.455078125 0.034375 0.052734375
3 0.3515625 0.4453125 0.028125 0.056640625
3 0.578125 0.431640625 0.028125 0.033203125
