1 0.6296875 0.423828125 0.059375 0.169921875
1 0.5890625 0.435546875 0.03125 0.115234375
1 0.609375 0.427734375 0.0296875 0.10546875
3 0.0953125 0.416015625 0.1125 0.091796875
3 0.0015625 0.447265625 0.1296875 0.232421875
3 0.1203125 0.44921875 0.1625 0.12890625
3 0.33125 0.44921875 0.0796875 0.0625
3 0.7453125 0.443359375 0.0609375 0.072265625
3 0.8234375 0.4375 0.053125 0.046875
3 0.66875 0.478515625 0.0953125 0.103515625
3 0.740625 0.486328125 0.2515625 0.220703125
3 0.465625 0.4375 0.03125 0.03515625
1 0.36875 0.4296875 0.0203125 0.0234375
3 0.3484375 0.427734375 0.05 0.029296875
3 0.3921875 0.447265625 0.0375 0.056640625
3 0.415625 0.453125 0.025 0.04296875
3 0.4125 0.4375 0.0421875 0.05859375
3 0.4875 0.4375 0.021875 0.029296875
3 0.7078125 0.4375 0.0453125 0.037109375
