3 0.678125 0.490234375 0.3203125 0.1484375
1 0.7203125 0.43359375 0.0234375 0.0703125
1 0.696875 0.439453125 0.0234375 0.068359375
3 0.1 0.486328125 0.2046875 0.171875
3 0.3875 0.435546875 0.04375 0.05078125
1 0.51875 0.435546875 0.025 0.05859375
1 0.55 0.447265625 0.021875 0.046875
1 0.2984375 0.43359375 0.021875 0.05078125
3 0.628125 0.43359375 0.053125 0.029296875
3 0.4515625 0.427734375 0.0359375 0.033203125
3 0.86875 0.447265625 0.0546875 0.029296875
3 0.86875 0.44921875 0.0796875 0.05859375
3 0.8875 0.44921875 0.1109375 0.0703125
3 0.921875 0.462890625 0.0765625 0.076171875
