18 0.9140625 0.525390625 0.0296875 0.041015625
18 0.71875 0.501953125 0.0515625 0.05859375
1 0.6671875 0.412109375 0.0359375 0.14453125
1 0.3265625 0.39453125 0.0421875 0.130859375
1 0.20625 0.39453125 0.028125 0.109375
1 0.159375 0.404296875 0.0375 0.09375
1 0.109375 0.41015625 0.040625 0.103515625
3 0.0515625 0.41796875 0.071875 0.08984375
3 0.4203125 0.400390625 0.0703125 0.091796875
3 0.4328125 0.41796875 0.0828125 0.095703125
3 0.0 0.40234375 0.04375 0.0625
3 0.228125 0.39453125 0.025 0.046875
2 0.1140625 0.478515625 0.021875 0.05078125
2 0.171875 0.4453125 0.01875 0.06640625
2 0.203125 0.44921875 0.0265625 0.06640625
2 0.3234375 0.453125 0.040625 0.08984375
