3 0.9265625 0.462890625 0.06875 0.16796875
3 0.7140625 0.423828125 0.28125 0.19140625
3 0.55 0.40234375 0.284375 0.189453125
3 0.5140625 0.43359375 0.178125 0.12890625
3 0.325 0.40234375 0.253125 0.15625
3 0.271875 0.439453125 0.0796875 0.10546875
1 0.8703125 0.373046875 0.0375 0.046875
1 0.93125 0.376953125 0.0421875 0.05078125
1 0.2453125 0.4296875 0.028125 0.099609375
1 0.2796875 0.41015625 0.03125 0.033203125
2 0.178125 0.4375 0.071875 0.064453125
1 0.834375 0.39453125 0.021875 0.029296875
1 0.31875 0.427734375 0.0125 0.013671875
1 0.33125 0.423828125 0.0140625 0.017578125
1 0.3515625 0.419921875 0.0140625 0.021484375
