3 0.065625 0.458984375 0.1109375 0.087890625
3 0.146875 0.443359375 0.078125 0.08203125
3 0.86875 0.375 0.1296875 0.18359375
3 0.2015625 0.4375 0.065625 0.078125
3 0.5921875 0.44140625 0.153125 0.1171875
3 0.546875 0.4453125 0.046875 0.087890625
3 0.5296875 0.4453125 0.0203125 0.076171875
3 0.509375 0.4375 0.0203125 0.072265625
3 0.49375 0.439453125 0.0171875 0.052734375
3 0.265625 0.45703125 0.01875 0.048828125
3 0.28125 0.4609375 0.028125 0.03515625
3 0.3078125 0.458984375 0.025 0.029296875
3 0.4671875 0.443359375 0.028125 0.041015625
3 0.421875 0.447265625 0.025 0.029296875
3 0.359375 0.44921875 0.0265625 0.029296875
