3 0.0 0.509765625 0.09375 0.109375
3 0.0875 0.490234375 0.1171875 0.044921875
3 0.1703125 0.462890625 0.08125 0.068359375
3 0.0 0.525390625 0.26875 0.259765625
3 0.2375 0.44921875 0.1375 0.13671875
3 0.346875 0.443359375 0.0625 0.087890625
3 0.459375 0.423828125 0.0453125 0.05078125
3 0.709375 0.583984375 0.2859375 0.4140625
3 0.603125 0.458984375 0.2578125 0.25
3 0.575 0.4765625 0.0703125 0.109375
3 0.55 0.4609375 0.0765625 0.095703125
1 0.48125 0.4375 0.0203125 0.056640625
3 0.5296875 0.439453125 0.071875 0.076171875
3 0.5046875 0.43359375 0.040625 0.04296875
1 0.41875 0.431640625 0.0109375 0.03515625
3 0.6015625 0.431640625 0.046875 0.044921875
3 0.6375 0.421875 0.028125 0.03515625
3 0.3890625 0.431640625 0.0296875 0.03125
