1 0.5640625 0.3984375 0.025 0.083984375
1 0.54375 0.400390625 0.0234375 0.083984375
1 0.3984375 0.396484375 0.025 0.068359375
3 0.5890625 0.3984375 0.090625 0.103515625
3 0.3265625 0.404296875 0.06875 0.064453125
3 0.1703125 0.41015625 0.0703125 0.052734375
3 0.109375 0.38671875 0.0484375 0.0625
3 0.04375 0.384765625 0.08125 0.087890625
3 0.0671875 0.36328125 0.1015625 0.08203125
3 0.41875 0.408203125 0.0265625 0.041015625
3 0.21875 0.3984375 0.1125 0.1015625
3 0.4421875 0.41015625 0.0203125 0.033203125
3 0.446875 0.40234375 0.028125 0.0390625
