2 0.0234375 0.529296875 0.053125 0.076171875
2 0.125 0.51171875 0.04375 0.052734375
2 0.1796875 0.529296875 0.04375 0.07421875
2 0.2328125 0.501953125 0.075 0.11328125
3 0.5078125 0.435546875 0.08125 0.083984375
1 0.025 0.40625 0.04375 0.1640625
1 0.071875 0.4296875 0.03125 0.1171875
1 0.125 0.421875 0.05625 0.1171875
1 0.203125 0.39453125 0.075 0.1875
1 0.271875 0.4296875 0.028125 0.068359375
1 0.30625 0.44140625 0.0265625 0.0625
3 0.1546875 0.435546875 0.0453125 0.0546875
3 0.3828125 0.45703125 0.03125 0.03125
3 0.496875 0.458984375 0.0234375 0.04296875
3 0.48125 0.453125 0.0359375 0.041015625
