1 0.121875 0.435546875 0.0453125 0.15625
1 0.165625 0.427734375 0.0421875 0.15625
1 0.5140625 0.42578125 0.021875 0.09765625
1 0.5296875 0.41796875 0.04375 0.15234375
1 0.4046875 0.44140625 0.0234375 0.056640625
3 0.0140625 0.455078125 0.1265625 0.1328125
3 0.1984375 0.423828125 0.071875 0.123046875
3 0.2546875 0.427734375 0.0734375 0.09375
3 0.2640625 0.443359375 0.1484375 0.1171875
3 0.596875 0.431640625 0.1375 0.162109375
3 0.728125 0.453125 0.0453125 0.0703125
3 0.9328125 0.44140625 0.0625 0.11328125
3 0.575 0.44140625 0.0359375 0.109375
3 0.46875 0.455078125 0.0296875 0.025390625
1 0.39375 0.4453125 0.0140625 0.02734375
