1 0.8484375 0.41015625 0.0921875 0.35546875
1 0.6625 0.427734375 0.0296875 0.0703125
1 0.33125 0.416015625 0.01875 0.0390625
3 0.93125 0.447265625 0.065625 0.150390625
3 0.71875 0.447265625 0.1 0.095703125
3 0.3515625 0.4375 0.0515625 0.05078125
3 0.246875 0.423828125 0.10625 0.10546875
3 0.178125 0.431640625 0.0875 0.064453125
3 0.00625 0.423828125 0.1078125 0.04296875
3 0.3828125 0.427734375 0.04375 0.0546875
3 0.603125 0.435546875 0.0234375 0.03515625
3 0.5671875 0.431640625 0.04375 0.05078125
3 0.5390625 0.4296875 0.01875 0.0234375
3 0.4296875 0.431640625 0.025 0.0390625
3 0.459375 0.42578125 0.0234375 0.03125
3 0.6390625 0.435546875 0.0328125 0.0390625
3 0.8421875 0.453125 0.028125 0.076171875
