3 0.021875 0.455078125 0.1734375 0.162109375
3 0.278125 0.453125 0.090625 0.076171875
3 0.346875 0.4453125 0.0453125 0.064453125
3 0.3890625 0.453125 0.0484375 0.05078125
3 0.428125 0.45703125 0.03125 0.03515625
3 0.5984375 0.439453125 0.05 0.09375
3 0.628125 0.431640625 0.14375 0.138671875
3 0.6953125 0.470703125 0.196875 0.212890625
3 0.76875 0.42578125 0.2234375 0.5234375
1 0.4984375 0.44921875 0.0171875 0.046875
1 0.4765625 0.453125 0.0125 0.037109375
1 0.46875 0.447265625 0.0125 0.04296875
1 0.53125 0.447265625 0.015625 0.052734375
1 0.5546875 0.453125 0.0125 0.044921875
3 0.521875 0.45703125 0.015625 0.025390625
3 0.5828125 0.455078125 0.03125 0.05859375
3 0.56875 0.45703125 0.0265625 0.052734375
3 0.0046875 0.4375 0.0734375 0.052734375
3 0.06875 0.435546875 0.078125 0.0234375
