2 0.3328125 0.505859375 0.03125 0.076171875
1 0.3171875 0.4140625 0.0546875 0.146484375
3 0.78125 0.4296875 0.05625 0.0703125
3 0.85 0.380859375 0.1484375 0.13671875
3 0.9046875 0.4296875 0.09375 0.119140625
3 0.6328125 0.43359375 0.0234375 0.03125
3 0.7125 0.427734375 0.0359375 0.05859375
1 0.15625 0.45703125 0.021875 0.04296875
1 0.415625 0.447265625 0.0109375 0.025390625
1 0.4234375 0.443359375 0.0125 0.029296875
1 0.4328125 0.4453125 0.009375 0.02734375
1 0.1171875 0.47265625 0.0234375 0.03125
