1 0.60625 0.40625 0.0265625 0.109375
1 0.6375 0.41015625 0.025 0.1015625
1 0.6796875 0.41015625 0.0328125 0.1015625
1 0.76875 0.4140625 0.0796875 0.22265625
1 0.8484375 0.365234375 0.06875 0.26171875
3 0.9140625 0.431640625 0.084375 0.1171875
3 0.9046875 0.375 0.09375 0.07421875
3 0.2453125 0.453125 0.109375 0.109375
3 0.0 0.52734375 0.2015625 0.25
1 0.15 0.453125 0.0265625 0.060546875
1 0.54375 0.43359375 0.01875 0.05078125
1 0.59375 0.427734375 0.0203125 0.05859375
1 0.6515625 0.416015625 0.0234375 0.09375
3 0.709375 0.431640625 0.0375 0.056640625
3 0.396875 0.447265625 0.0484375 0.02734375
1 0.3703125 0.447265625 0.0125 0.03125
1 0.115625 0.470703125 0.0203125 0.033203125
1 0.096875 0.470703125 0.0265625 0.0546875
