3 0.0171875 0.455078125 0.178125 0.10546875
3 0.596875 0.44921875 0.103125 0.0703125
3 0.690625 0.44921875 0.0859375 0.060546875
3 0.784375 0.44140625 0.1 0.0625
3 0.875 0.4453125 0.0625 0.044921875
1 0.43125 0.439453125 0.0265625 0.09375
1 0.534375 0.42578125 0.0296875 0.099609375
1 0.571875 0.4296875 0.0265625 0.0859375
1 0.9328125 0.4375 0.01875 0.046875
1 0.759375 0.4375 0.021875 0.03515625
1 0.6671875 0.435546875 0.0203125 0.029296875
1 0.7484375 0.435546875 0.0203125 0.029296875
1 0.959375 0.443359375 0.021875 0.07421875
1 0.978125 0.4375 0.015625 0.087890625
