2 0.0 0.5078125 0.0625 0.09375
1 0.003125 0.455078125 0.0546875 0.123046875
2 0.125 0.517578125 0.053125 0.056640625
3 0.04375 0.42578125 0.09375 0.140625
3 0.19375 0.453125 0.03125 0.083984375
3 0.3546875 0.458984375 0.01875 0.0234375
3 0.559375 0.447265625 0.071875 0.044921875
3 0.565625 0.4609375 0.0796875 0.05078125
1 0.125 0.4609375 0.040625 0.0703125
3 0.153125 0.423828125 0.0484375 0.1015625
1 0.303125 0.443359375 0.0203125 0.044921875
2 0.303125 0.4765625 0.01875 0.029296875
3 0.4171875 0.4609375 0.015625 0.021484375
