3 0.8875 0.435546875 0.0234375 0.0234375
3 0.815625 0.4375 0.03125 0.02734375
3 0.709375 0.44140625 0.034375 0.03515625
3 0.646875 0.431640625 0.06875 0.052734375
1 0.5046875 0.41796875 0.0296875 0.125
3 0.4796875 0.4375 0.0265625 0.02734375
3 0.453125 0.4375 0.025 0.02734375
1 0.4375 0.431640625 0.0203125 0.037109375
3 0.2875 0.431640625 0.06875 0.04296875
3 0.2390625 0.44140625 0.090625 0.033203125
3 0.1078125 0.42578125 0.14375 0.056640625
3 0.0390625 0.4375 0.121875 0.052734375
3 0.775 0.431640625 0.0375 0.0390625
3 0.7453125 0.435546875 0.0234375 0.04296875
1 0.9453125 0.45703125 0.0140625 0.052734375
1 0.9328125 0.453125 0.015625 0.052734375
