1 0.5953125 0.43359375 0.0265625 0.083984375
1 0.621875 0.41015625 0.0265625 0.10546875
1 0.1 0.458984375 0.01875 0.06640625
1 0.075 0.45703125 0.0265625 0.03125
3 0.7796875 0.423828125 0.0578125 0.078125
3 0.85 0.376953125 0.1484375 0.08984375
3 0.78125 0.416015625 0.215625 0.197265625
1 0.58125 0.43359375 0.0203125 0.05859375
1 0.565625 0.4296875 0.0203125 0.0625
1 0.54375 0.43359375 0.01875 0.05078125
3 0.709375 0.4296875 0.0375 0.05859375
3 0.4375 0.44921875 0.040625 0.025390625
1 0.3734375 0.447265625 0.0109375 0.03125
1 0.415625 0.4453125 0.0125 0.029296875
1 0.1171875 0.470703125 0.01875 0.0390625
