3 0.9734375 0.46484375 0.025 0.041015625
3 0.896875 0.443359375 0.075 0.060546875
3 0.8625 0.45703125 0.0234375 0.037109375
3 0.7375 0.435546875 0.11875 0.07421875
3 0.703125 0.455078125 0.034375 0.033203125
3 0.6 0.455078125 0.0765625 0.0546875
3 0.584375 0.458984375 0.021875 0.029296875
3 0.503125 0.458984375 0.08125 0.044921875
3 0.45 0.458984375 0.0921875 0.046875
3 0.3640625 0.4375 0.0703125 0.078125
3 0.234375 0.44921875 0.0515625 0.037109375
3 0.2 0.455078125 0.0515625 0.03125
3 0.33125 0.44921875 0.0328125 0.046875
