3 0.509375 0.443359375 0.4703125 0.234375
3 0.8546875 0.37890625 0.1421875 0.109375
3 0.909375 0.4375 0.0875 0.099609375
1 0.653125 0.408203125 0.034375 0.05859375
1 0.621875 0.423828125 0.0296875 0.05859375
1 0.14375 0.45703125 0.025 0.0703125
1 0.128125 0.458984375 0.0203125 0.068359375
3 0.7734375 0.400390625 0.0609375 0.03515625
3 0.7796875 0.4296875 0.0625 0.041015625
3 0.8484375 0.392578125 0.071875 0.037109375
1 0.5421875 0.43359375 0.01875 0.05078125
1 0.5703125 0.4296875 0.021875 0.068359375
1 0.5921875 0.4296875 0.0203125 0.064453125
3 0.4390625 0.447265625 0.034375 0.02734375
1 0.1171875 0.46875 0.021875 0.037109375
1 0.103125 0.474609375 0.0203125 0.044921875
