2 0.946875 0.4375 0.034375 0.05078125
1 0.921875 0.373046875 0.0234375 0.083984375
1 0.8984375 0.376953125 0.021875 0.06640625
1 0.840625 0.37109375 0.028125 0.10546875
2 0.8703125 0.435546875 0.0234375 0.05078125
2 0.896875 0.443359375 0.0234375 0.037109375
2 0.803125 0.4375 0.0375 0.052734375
3 0.578125 0.3671875 0.046875 0.080078125
3 0.4546875 0.3984375 0.0359375 0.05078125
3 0.440625 0.408203125 0.0203125 0.02734375
3 0.4296875 0.39453125 0.021875 0.025390625
3 0.4265625 0.37890625 0.01875 0.025390625
3 0.403125 0.373046875 0.01875 0.0234375
3 0.3703125 0.376953125 0.021875 0.0234375
3 0.359375 0.39453125 0.021875 0.048828125
3 0.334375 0.396484375 0.028125 0.0625
3 0.25625 0.3828125 0.090625 0.09765625
