1 0.2453125 0.443359375 0.0265625 0.08203125
1 0.23125 0.458984375 0.0265625 0.068359375
1 0.590625 0.41015625 0.0234375 0.09375
1 0.609375 0.427734375 0.025 0.072265625
1 0.6484375 0.40625 0.0296875 0.109375
3 0.7796875 0.423828125 0.059375 0.07421875
3 0.8203125 0.439453125 0.025 0.068359375
3 0.853125 0.375 0.14375 0.1484375
3 0.9046875 0.427734375 0.09375 0.12109375
1 0.159375 0.458984375 0.0203125 0.04296875
1 0.11875 0.47265625 0.01875 0.033203125
3 0.709375 0.431640625 0.040625 0.0546875
