3 0.80625 0.451171875 0.1921875 0.31640625
3 0.7859375 0.423828125 0.078125 0.05078125
1 0.7625 0.408203125 0.0296875 0.103515625
3 0.70625 0.41796875 0.0265625 0.0390625
3 0.6875 0.416015625 0.01875 0.041015625
3 0.6390625 0.41015625 0.0453125 0.025390625
1 0.646875 0.4375 0.025 0.08203125
3 0.6171875 0.435546875 0.025 0.044921875
3 0.51875 0.4375 0.021875 0.04296875
3 0.4875 0.4375 0.021875 0.03515625
3 0.34375 0.44140625 0.0296875 0.029296875
3 0.3296875 0.44140625 0.01875 0.0234375
3 0.30625 0.4375 0.025 0.029296875
3 0.271875 0.41796875 0.0328125 0.0234375
3 0.28125 0.44140625 0.0265625 0.041015625
3 0.2546875 0.443359375 0.0375 0.072265625
3 0.1375 0.3984375 0.128125 0.177734375
3 0.0 0.279296875 0.2078125 0.58203125
