1 0.846875 0.40625 0.03125 0.1171875
1 0.80625 0.4140625 0.03125 0.11328125
1 0.74375 0.423828125 0.0234375 0.08203125
1 0.765625 0.42578125 0.0109375 0.04296875
1 0.6703125 0.431640625 0.021875 0.056640625
1 0.65625 0.431640625 0.015625 0.05078125
1 0.64375 0.42578125 0.01875 0.056640625
1 0.634375 0.435546875 0.0109375 0.044921875
1 0.615625 0.4375 0.0203125 0.060546875
1 0.5921875 0.435546875 0.0203125 0.056640625
1 0.528125 0.443359375 0.0171875 0.03515625
3 0.3734375 0.431640625 0.0703125 0.076171875
3 0.3546875 0.44921875 0.0234375 0.029296875
3 0.33125 0.453125 0.0234375 0.037109375
3 0.2875 0.447265625 0.05 0.056640625
1 0.1421875 0.458984375 0.01875 0.048828125
1 0.1546875 0.4609375 0.0125 0.046875
