3 0.6640625 0.416015625 0.0796875 0.0625
2 0.6390625 0.458984375 0.0359375 0.044921875
1 0.628125 0.400390625 0.0203125 0.06640625
2 0.584375 0.4609375 0.040625 0.044921875
3 0.58125 0.41796875 0.04375 0.048828125
3 0.5203125 0.40625 0.0609375 0.0625
3 0.4984375 0.4296875 0.025 0.029296875
3 0.490625 0.408203125 0.028125 0.041015625
3 0.4671875 0.41015625 0.025 0.0390625
3 0.428125 0.412109375 0.0296875 0.0390625
1 0.403125 0.400390625 0.028125 0.10546875
1 0.38125 0.41015625 0.028125 0.095703125
1 0.353125 0.404296875 0.0125 0.025390625
1 0.3421875 0.40625 0.0125 0.025390625
3 0.1375 0.423828125 0.04375 0.041015625
