3 0.0 0.474609375 0.0953125 0.24609375
3 0.065625 0.49609375 0.159375 0.16015625
3 0.1828125 0.48046875 0.10625 0.119140625
3 0.253125 0.474609375 0.0609375 0.087890625
3 0.28125 0.447265625 0.071875 0.083984375
3 0.3671875 0.447265625 0.0359375 0.05078125
3 0.5875 0.46484375 0.0359375 0.07421875
3 0.5671875 0.44921875 0.0546875 0.07421875
3 0.603125 0.462890625 0.109375 0.107421875
3 0.65 0.501953125 0.15625 0.1640625
3 0.7140625 0.509765625 0.284375 0.291015625
3 0.9234375 0.751953125 0.075 0.220703125
1 0.5203125 0.435546875 0.021875 0.046875
1 0.5015625 0.43359375 0.0203125 0.05078125
3 0.39375 0.4375 0.034375 0.05078125
3 0.421875 0.4375 0.0203125 0.03515625
3 0.5375 0.4375 0.04375 0.05859375
1 0.1984375 0.44921875 0.025 0.0390625
