3 0.7515625 0.4453125 0.153125 0.068359375
3 0.715625 0.443359375 0.0671875 0.0546875
3 0.684375 0.443359375 0.0609375 0.046875
3 0.653125 0.439453125 0.05 0.044921875
3 0.91875 0.447265625 0.034375 0.04296875
3 0.965625 0.44921875 0.0296875 0.0390625
3 0.4328125 0.443359375 0.0375 0.041015625
3 0.40625 0.4375 0.0265625 0.025390625
3 0.375 0.447265625 0.0203125 0.02734375
3 0.3546875 0.447265625 0.0234375 0.029296875
3 0.34375 0.44921875 0.0203125 0.029296875
3 0.2796875 0.4375 0.0484375 0.052734375
3 0.153125 0.4453125 0.078125 0.06640625
3 0.034375 0.4453125 0.1203125 0.091796875
3 0.23125 0.443359375 0.025 0.064453125
3 0.25625 0.451171875 0.021875 0.03515625
1 0.559375 0.453125 0.015625 0.041015625
