3 0.0046875 0.4296875 0.1828125 0.2109375
3 0.159375 0.423828125 0.11875 0.15234375
3 0.265625 0.42578125 0.0765625 0.05859375
1 0.3046875 0.427734375 0.0234375 0.05859375
3 0.328125 0.423828125 0.0734375 0.078125
3 0.39375 0.43359375 0.040625 0.052734375
3 0.659375 0.443359375 0.0578125 0.07421875
3 0.796875 0.447265625 0.1 0.08984375
3 0.91875 0.443359375 0.0796875 0.123046875
1 0.6203125 0.43359375 0.0171875 0.048828125
1 0.73125 0.427734375 0.0546875 0.21484375
1 0.865625 0.443359375 0.0875 0.318359375
3 0.5546875 0.43359375 0.0359375 0.04296875
3 0.421875 0.43359375 0.01875 0.041015625
3 0.4171875 0.421875 0.028125 0.052734375
3 0.459375 0.427734375 0.0234375 0.03125
3 0.528125 0.431640625 0.01875 0.0234375
3 0.6328125 0.443359375 0.034375 0.03515625
1 0.33125 0.416015625 0.01875 0.0390625
