3 0.0375 0.52734375 0.1671875 0.140625
3 0.2078125 0.505859375 0.0953125 0.083984375
3 0.3140625 0.478515625 0.059375 0.06640625
3 0.0875 0.490234375 0.0796875 0.05078125
3 0.5546875 0.50390625 0.10625 0.10546875
3 0.575 0.525390625 0.15 0.154296875
1 0.865625 0.51171875 0.05 0.21875
3 0.003125 0.498046875 0.0859375 0.083984375
3 0.25 0.4921875 0.0765625 0.078125
3 0.3625 0.4921875 0.025 0.041015625
3 0.371875 0.486328125 0.028125 0.041015625
3 0.51875 0.4921875 0.034375 0.041015625
3 0.5328125 0.50390625 0.040625 0.064453125
1 0.4125 0.478515625 0.01875 0.0390625
