3 0.5796875 0.40234375 0.103125 0.107421875
3 0.5671875 0.4140625 0.0328125 0.064453125
3 0.55625 0.40625 0.025 0.044921875
3 0.534375 0.404296875 0.0234375 0.03515625
3 0.46875 0.408203125 0.071875 0.0703125
3 0.45625 0.4140625 0.0203125 0.025390625
3 0.434375 0.41796875 0.0234375 0.029296875
3 0.3890625 0.421875 0.034375 0.044921875
3 0.3453125 0.42578125 0.0515625 0.05859375
3 0.284375 0.431640625 0.059375 0.072265625
3 0.23125 0.439453125 0.0703125 0.091796875
3 0.0859375 0.431640625 0.1640625 0.15625
