1 0.784375 0.466796875 0.025 0.087890625
1 0.6625 0.5 0.0296875 0.07421875
1 0.6734375 0.462890625 0.025 0.03125
3 0.5640625 0.462890625 0.0984375 0.107421875
3 0.5515625 0.47265625 0.03125 0.08203125
3 0.5234375 0.46875 0.040625 0.0546875
3 0.5046875 0.46875 0.0265625 0.03515625
3 0.440625 0.466796875 0.059375 0.068359375
3 0.428125 0.4453125 0.0140625 0.017578125
3 0.434375 0.458984375 0.015625 0.01953125
3 0.35625 0.466796875 0.0609375 0.0703125
1 0.05625 0.490234375 0.0140625 0.068359375
1 0.046875 0.484375 0.0140625 0.072265625
