2 0.009375 0.5078125 0.065625 0.08984375
1 0.471875 0.40625 0.0578125 0.154296875
1 0.4515625 0.41015625 0.065625 0.14453125
1 0.415625 0.3984375 0.0578125 0.1484375
3 0.1171875 0.43359375 0.1046875 0.087890625
3 0.2046875 0.4375 0.0484375 0.06640625
3 0.23125 0.4375 0.0375 0.0546875
3 0.2453125 0.4375 0.0390625 0.05078125
3 0.278125 0.431640625 0.0375 0.048828125
3 0.5421875 0.4296875 0.0859375 0.083984375
3 0.5203125 0.431640625 0.040625 0.060546875
3 0.3109375 0.43359375 0.0359375 0.0390625
1 0.009375 0.384765625 0.0578125 0.119140625
3 0.3453125 0.43359375 0.015625 0.03125
3 0.3578125 0.435546875 0.0140625 0.025390625
3 0.3703125 0.431640625 0.0171875 0.02734375
3 0.3921875 0.431640625 0.0203125 0.025390625
3 0.41875 0.4375 0.0125 0.015625
