2 0.2625 0.474609375 0.0296875 0.05078125
2 0.0890625 0.498046875 0.034375 0.05859375
2 0.1890625 0.48046875 0.0234375 0.05078125
2 0.134375 0.48046875 0.021875 0.05859375
1 0.09375 0.41796875 0.040625 0.12109375
1 0.125 0.423828125 0.0328125 0.08203125
1 0.1515625 0.404296875 0.034375 0.12109375
1 0.1875 0.421875 0.03125 0.078125
1 0.2578125 0.42578125 0.034375 0.083984375
3 0.5 0.427734375 0.0703125 0.078125
3 0.0 0.431640625 0.1046875 0.11328125
3 0.20625 0.423828125 0.040625 0.076171875
3 0.4828125 0.439453125 0.0265625 0.044921875
