3 0.5765625 0.44921875 0.0578125 0.06640625
3 0.590625 0.466796875 0.08125 0.078125
3 0.653125 0.498046875 0.1578125 0.14453125
3 0.728125 0.54296875 0.2671875 0.228515625
3 0.9421875 0.724609375 0.0515625 0.1796875
3 0.3734375 0.4453125 0.040625 0.0390625
3 0.3453125 0.453125 0.053125 0.0625
3 0.259375 0.439453125 0.0953125 0.11328125
1 0.484375 0.427734375 0.0171875 0.048828125
3 0.4078125 0.4296875 0.03125 0.03515625
1 0.4453125 0.431640625 0.0203125 0.044921875
1 0.5125 0.435546875 0.01875 0.041015625
3 0.5453125 0.435546875 0.0375 0.0546875
3 0.525 0.4375 0.028125 0.0390625
