2 0.0 0.466796875 0.04375 0.05859375
2 0.0421875 0.46875 0.040625 0.052734375
1 0.0171875 0.37890625 0.04375 0.14453125
3 0.0 0.375 0.034375 0.0625
3 0.04375 0.375 0.1015625 0.091796875
1 0.078125 0.400390625 0.0484375 0.109375
2 0.0796875 0.46484375 0.0515625 0.0546875
1 0.1515625 0.4140625 0.0328125 0.046875
1 0.1828125 0.412109375 0.021875 0.044921875
1 0.2078125 0.38671875 0.04375 0.123046875
1 0.2640625 0.396484375 0.0375 0.068359375
1 0.3390625 0.400390625 0.0296875 0.0703125
1 0.378125 0.380859375 0.040625 0.08984375
3 0.8078125 0.390625 0.0296875 0.07421875
3 0.6921875 0.38671875 0.128125 0.091796875
2 0.2578125 0.443359375 0.04375 0.048828125
2 0.340625 0.4453125 0.028125 0.037109375
2 0.375 0.43359375 0.0421875 0.044921875
1 0.434375 0.40234375 0.0265625 0.0546875
