3 0.81875 0.443359375 0.0234375 0.0625
3 0.7796875 0.4296875 0.05625 0.0703125
3 0.85 0.376953125 0.1484375 0.14453125
3 0.9078125 0.427734375 0.0875 0.119140625
1 0.61875 0.416015625 0.028125 0.091796875
1 0.3796875 0.431640625 0.0203125 0.076171875
1 0.3546875 0.439453125 0.028125 0.07421875
1 0.11875 0.470703125 0.01875 0.033203125
1 0.6671875 0.4140625 0.01875 0.029296875
3 0.709375 0.4296875 0.0375 0.041015625
1 0.4640625 0.435546875 0.021875 0.044921875
1 0.60625 0.44921875 0.01875 0.05078125
1 0.5890625 0.427734375 0.025 0.072265625
1 0.1578125 0.4609375 0.0203125 0.0390625
