3 0.51875 0.4140625 0.1078125 0.109375
3 0.4890625 0.427734375 0.046875 0.060546875
3 0.109375 0.4453125 0.0953125 0.08203125
3 0.190625 0.447265625 0.053125 0.060546875
3 0.225 0.4375 0.0484375 0.0625
3 0.2734375 0.447265625 0.0140625 0.04296875
3 0.321875 0.44140625 0.053125 0.0546875
3 0.296875 0.447265625 0.028125 0.0390625
3 0.471875 0.443359375 0.025 0.041015625
3 0.453125 0.443359375 0.021875 0.03125
3 0.4421875 0.443359375 0.0125 0.021484375
1 0.078125 0.443359375 0.01875 0.0390625
3 0.04375 0.447265625 0.0296875 0.0390625
3 0.096875 0.439453125 0.015625 0.03515625
3 0.015625 0.435546875 0.0265625 0.052734375
