3 0.7703125 0.408203125 0.13125 0.15625
3 0.7203125 0.416015625 0.046875 0.1171875
1 0.9296875 0.3828125 0.06875 0.23046875
1 0.7515625 0.423828125 0.04375 0.150390625
1 0.671875 0.408203125 0.0546875 0.126953125
1 0.6203125 0.41015625 0.0453125 0.09375
2 0.925 0.509765625 0.0734375 0.126953125
2 0.753125 0.505859375 0.0375 0.0859375
2 0.6875 0.474609375 0.0328125 0.076171875
2 0.6234375 0.462890625 0.0265625 0.056640625
3 0.446875 0.41015625 0.025 0.03125
3 0.43125 0.412109375 0.0234375 0.03515625
3 0.403125 0.4140625 0.040625 0.046875
1 0.6015625 0.4296875 0.0203125 0.05859375
1 0.58125 0.423828125 0.0203125 0.060546875
