3 0.5140625 0.439453125 0.075 0.083984375
3 0.1296875 0.435546875 0.08125 0.0859375
1 0.171875 0.439453125 0.0375 0.091796875
3 0.0 0.4453125 0.0859375 0.119140625
2 0.1734375 0.49609375 0.03125 0.056640625
2 0.2796875 0.48046875 0.021875 0.044921875
3 0.3453125 0.45703125 0.0453125 0.0390625
2 0.1875 0.50390625 0.0625 0.09375
2 0.4765625 0.466796875 0.1015625 0.150390625
2 0.4046875 0.521484375 0.0625 0.091796875
1 0.44375 0.390625 0.06875 0.208984375
1 0.203125 0.41796875 0.0609375 0.146484375
3 0.384375 0.455078125 0.0265625 0.03125
