3 0.0 0.505859375 0.1703125 0.22265625
3 0.11875 0.478515625 0.2265625 0.12890625
3 0.215625 0.45703125 0.1109375 0.0546875
3 0.303125 0.43359375 0.053125 0.06640625
1 0.746875 0.50390625 0.06875 0.291015625
1 0.3484375 0.44140625 0.0234375 0.103515625
1 0.39375 0.43359375 0.028125 0.109375
1 0.3734375 0.447265625 0.021875 0.0859375
3 0.7953125 0.5 0.2015625 0.416015625
3 0.6984375 0.50390625 0.0609375 0.138671875
3 0.6546875 0.48828125 0.1 0.119140625
3 0.59375 0.46875 0.0859375 0.068359375
3 0.5765625 0.4453125 0.0515625 0.056640625
3 0.5421875 0.4296875 0.0265625 0.037109375
3 0.76875 0.4375 0.1234375 0.06640625
3 0.83125 0.455078125 0.06875 0.072265625
1 0.6671875 0.4453125 0.01875 0.041015625
1 0.6421875 0.4375 0.021875 0.033203125
1 0.628125 0.435546875 0.01875 0.03515625
1 0.2234375 0.4375 0.01875 0.025390625
1 0.2015625 0.4453125 0.0234375 0.03125
