1 0.590625 0.431640625 0.021875 0.09765625
1 0.5578125 0.447265625 0.034375 0.099609375
1 0.5921875 0.4296875 0.0828125 0.15625
3 0.8421875 0.443359375 0.15625 0.369140625
3 0.675 0.470703125 0.1359375 0.138671875
3 0.35 0.44921875 0.0703125 0.056640625
3 0.171875 0.4140625 0.0875 0.064453125
3 0.2296875 0.443359375 0.1015625 0.103515625
3 0.053125 0.453125 0.1953125 0.15625
1 0.3796875 0.431640625 0.01875 0.01953125
3 0.4015625 0.453125 0.0359375 0.041015625
3 0.4171875 0.4375 0.034375 0.05078125
3 0.44375 0.439453125 0.0234375 0.041015625
3 0.4625 0.4375 0.028125 0.03515625
3 0.4796875 0.43359375 0.0234375 0.02734375
3 0.671875 0.439453125 0.046875 0.05078125
3 0.703125 0.4375 0.0375 0.041015625
3 0.753125 0.439453125 0.046875 0.046875
