1 0.540625 0.43359375 0.021875 0.0625
1 0.525 0.431640625 0.0234375 0.06640625
1 0.4125 0.4296875 0.025 0.060546875
3 0.565625 0.427734375 0.0703125 0.08203125
3 0.35625 0.44140625 0.05 0.052734375
3 0.23125 0.439453125 0.053125 0.052734375
3 0.2828125 0.443359375 0.075 0.076171875
3 0.03125 0.421875 0.0921875 0.078125
3 0.0078125 0.42578125 0.0765625 0.0859375
3 0.125 0.43359375 0.0328125 0.064453125
3 0.178125 0.4375 0.040625 0.0625
3 0.43125 0.443359375 0.0234375 0.033203125
3 0.434375 0.43359375 0.0296875 0.03515625
