1 0.76875 0.453125 0.0453125 0.12109375
1 0.7375 0.466796875 0.05 0.1875
3 0.784375 0.509765625 0.209375 0.2265625
3 0.9453125 0.634765625 0.0515625 0.23046875
3 0.6671875 0.4453125 0.0984375 0.1484375
3 0.5890625 0.458984375 0.0375 0.046875
3 0.5390625 0.44921875 0.0296875 0.029296875
3 0.2703125 0.43359375 0.0921875 0.056640625
3 0.21875 0.423828125 0.059375 0.05078125
3 0.10625 0.42578125 0.0875 0.06640625
1 0.409375 0.44140625 0.01875 0.041015625
3 0.615625 0.466796875 0.040625 0.060546875
3 0.634375 0.466796875 0.046875 0.076171875
3 0.6546875 0.46484375 0.046875 0.091796875
3 0.1515625 0.423828125 0.065625 0.064453125
3 0.2125 0.4375 0.0546875 0.052734375
3 0.3796875 0.443359375 0.0328125 0.03515625
3 0.4828125 0.447265625 0.021875 0.0234375
