3 0.0 0.41015625 0.1203125 0.130859375
3 0.1171875 0.4375 0.053125 0.07421875
3 0.86875 0.431640625 0.1296875 0.09765625
3 0.7640625 0.50390625 0.23125 0.48828125
3 0.6546875 0.435546875 0.290625 0.28125
1 0.584375 0.4609375 0.03125 0.056640625
1 0.6125 0.44921875 0.021875 0.064453125
1 0.3875 0.447265625 0.0234375 0.05078125
1 0.4296875 0.4453125 0.01875 0.03515625
3 0.2890625 0.453125 0.034375 0.037109375
1 0.40625 0.435546875 0.0203125 0.041015625
1 0.3328125 0.44140625 0.01875 0.05078125
1 0.3203125 0.44140625 0.01875 0.046875
3 0.4421875 0.458984375 0.0359375 0.033203125
