3 0.04375 0.447265625 0.1453125 0.130859375
3 0.240625 0.447265625 0.0796875 0.087890625
2 0.8265625 0.51171875 0.040625 0.12890625
2 0.8015625 0.548828125 0.0265625 0.08203125
2 0.675 0.51171875 0.0359375 0.07421875
2 0.615625 0.517578125 0.028125 0.037109375
1 0.7875 0.404296875 0.0765625 0.201171875
1 0.678125 0.44140625 0.0375 0.123046875
1 0.6140625 0.458984375 0.03125 0.078125
1 0.565625 0.4453125 0.034375 0.08203125
1 0.540625 0.466796875 0.0234375 0.052734375
2 0.54375 0.5 0.01875 0.03515625
3 0.4234375 0.484375 0.0203125 0.021484375
1 0.521875 0.466796875 0.01875 0.044921875
1 0.5125 0.474609375 0.01875 0.044921875
2 0.509375 0.50390625 0.0234375 0.025390625
2 0.5734375 0.49609375 0.0203125 0.0546875
