1 0.5328125 0.431640625 0.01875 0.056640625
3 0.0046875 0.44921875 0.1171875 0.201171875
3 0.0734375 0.4140625 0.165625 0.171875
3 0.2171875 0.43359375 0.078125 0.12109375
3 0.2875 0.43359375 0.084375 0.08203125
3 0.38125 0.43359375 0.059375 0.056640625
3 0.509375 0.431640625 0.025 0.03515625
3 0.5890625 0.4453125 0.071875 0.06640625
3 0.6796875 0.46875 0.221875 0.21875
3 0.7765625 0.478515625 0.2203125 0.4375
1 0.5484375 0.4296875 0.025 0.0625
3 0.425 0.4375 0.021875 0.0390625
3 0.44375 0.439453125 0.0203125 0.033203125
3 0.4453125 0.4296875 0.025 0.03515625
1 0.475 0.43359375 0.0125 0.03515625
1 0.4890625 0.4296875 0.0140625 0.0390625
3 0.5796875 0.43359375 0.0453125 0.056640625
3 0.3640625 0.44140625 0.0296875 0.05859375
3 0.6625 0.431640625 0.0359375 0.044921875
