1 0.428125 0.44140625 0.0203125 0.0390625
1 0.715625 0.466796875 0.04375 0.146484375
1 0.7484375 0.455078125 0.040625 0.083984375
3 0.7421875 0.49609375 0.1953125 0.16796875
3 0.834375 0.515625 0.159375 0.318359375
3 0.665625 0.44921875 0.0671875 0.1171875
3 0.59375 0.458984375 0.0421875 0.04296875
3 0.5484375 0.447265625 0.0296875 0.03125
3 0.303125 0.4296875 0.078125 0.056640625
3 0.2375 0.41796875 0.0640625 0.052734375
3 0.1765625 0.431640625 0.053125 0.060546875
3 0.0 0.462890625 0.075 0.224609375
3 0.3984375 0.44140625 0.0359375 0.037109375
3 0.23125 0.435546875 0.059375 0.052734375
3 0.496875 0.447265625 0.0203125 0.0234375
3 0.6171875 0.462890625 0.0375 0.05859375
3 0.6375 0.46875 0.040625 0.06640625
3 0.653125 0.462890625 0.0421875 0.08203125
3 0.0765625 0.41796875 0.0953125 0.10546875
