3 0.0640625 0.45703125 0.2046875 0.146484375
3 0.2453125 0.43359375 0.1078125 0.115234375
3 0.3390625 0.458984375 0.071875 0.052734375
3 0.36875 0.44140625 0.065625 0.0625
3 0.66875 0.466796875 0.14375 0.12890625
3 0.6234375 0.4375 0.1125 0.130859375
2 0.721875 0.515625 0.1265625 0.14453125
3 0.8140625 0.50390625 0.18125 0.32421875
2 0.5921875 0.498046875 0.021875 0.068359375
2 0.5390625 0.48828125 0.0234375 0.06640625
1 0.53125 0.416015625 0.0421875 0.1328125
1 0.5890625 0.43359375 0.0296875 0.123046875
3 0.4265625 0.453125 0.0234375 0.0390625
3 0.4375 0.44140625 0.0265625 0.041015625
3 0.4765625 0.447265625 0.0203125 0.0234375
3 0.61875 0.458984375 0.0265625 0.0625
