1 0.2125 0.369140625 0.028125 0.080078125
1 0.25 0.361328125 0.028125 0.0625
3 0.2515625 0.384765625 0.0953125 0.087890625
3 0.140625 0.3828125 0.0765625 0.0625
3 0.3390625 0.39453125 0.0421875 0.03125
3 0.44375 0.3984375 0.040625 0.06640625
1 0.4515625 0.369140625 0.084375 0.244140625
1 0.55 0.380859375 0.0484375 0.23046875
1 0.584375 0.3828125 0.0984375 0.265625
1 0.6703125 0.3828125 0.08125 0.251953125
1 0.7921875 0.37109375 0.103125 0.28125
1 0.875 0.380859375 0.053125 0.2578125
1 0.9171875 0.38671875 0.0734375 0.23828125
1 0.971875 0.384765625 0.0265625 0.1796875
3 0.421875 0.380859375 0.059375 0.064453125
3 0.409375 0.380859375 0.028125 0.046875
1 0.390625 0.390625 0.0140625 0.037109375
