1 0.790625 0.4140625 0.0375 0.1015625
1 0.75625 0.427734375 0.028125 0.087890625
1 0.7234375 0.427734375 0.0203125 0.037109375
1 0.709375 0.419921875 0.0234375 0.07421875
1 0.6328125 0.423828125 0.0140625 0.05078125
1 0.61875 0.4375 0.0140625 0.0390625
1 0.60625 0.431640625 0.0125 0.03125
1 0.58125 0.431640625 0.0171875 0.05078125
1 0.525 0.439453125 0.015625 0.037109375
3 0.384375 0.423828125 0.065625 0.0859375
3 0.375 0.44921875 0.01875 0.02734375
3 0.3578125 0.447265625 0.0203125 0.029296875
3 0.340625 0.4453125 0.0203125 0.03515625
3 0.2984375 0.44140625 0.0421875 0.046875
1 0.16875 0.455078125 0.01875 0.048828125
