3 0.5921875 0.4609375 0.0875 0.078125
3 0.1421875 0.462890625 0.10625 0.087890625
3 0.228125 0.46875 0.04375 0.06640625
3 0.25 0.455078125 0.0671875 0.072265625
3 0.296875 0.4453125 0.05 0.068359375
3 0.3390625 0.455078125 0.0234375 0.052734375
3 0.58125 0.462890625 0.03125 0.0625
3 0.5625 0.462890625 0.034375 0.052734375
3 0.44375 0.46484375 0.0296875 0.02734375
3 0.359375 0.462890625 0.0140625 0.041015625
3 0.5484375 0.453125 0.01875 0.060546875
3 0.525 0.46484375 0.0234375 0.03515625
3 0.50625 0.462890625 0.0234375 0.03125
3 0.475 0.4609375 0.0359375 0.029296875
3 0.375 0.458984375 0.021875 0.041015625
3 0.3953125 0.466796875 0.0140625 0.02734375
3 0.4078125 0.466796875 0.0125 0.0234375
1 0.43125 0.462890625 0.00625 0.01953125
