1 0.2921875 0.443359375 0.034375 0.134765625
3 0.0 0.501953125 0.178125 0.162109375
3 0.13125 0.484375 0.1109375 0.11328125
3 0.209375 0.46484375 0.078125 0.115234375
3 0.31875 0.443359375 0.059375 0.05859375
3 0.378125 0.455078125 0.075 0.0625
3 0.55 0.45703125 0.0515625 0.068359375
3 0.571875 0.466796875 0.0515625 0.09375
3 0.5921875 0.453125 0.1984375 0.197265625
3 0.475 0.427734375 0.025 0.02734375
1 0.490625 0.4296875 0.01875 0.046875
3 0.0 0.447265625 0.1 0.03125
3 0.4484375 0.4296875 0.025 0.025390625
3 0.5375 0.453125 0.046875 0.060546875
