3 0.725 0.392578125 0.2734375 0.359375
3 0.4171875 0.431640625 0.0703125 0.06640625
3 0.45 0.419921875 0.0546875 0.068359375
3 0.496875 0.419921875 0.0296875 0.052734375
3 0.3359375 0.423828125 0.0671875 0.06640625
2 0.6671875 0.45703125 0.0859375 0.05859375
1 0.2578125 0.38671875 0.0421875 0.185546875
1 0.23125 0.4140625 0.0234375 0.080078125
1 0.74375 0.41015625 0.0171875 0.037109375
1 0.7375 0.4140625 0.0125 0.029296875
2 0.6125 0.458984375 0.01875 0.0390625
2 0.5765625 0.453125 0.0140625 0.0390625
1 0.7015625 0.40234375 0.0375 0.060546875
1 0.6890625 0.42578125 0.01875 0.029296875
1 0.6125 0.4140625 0.021875 0.044921875
1 0.571875 0.41015625 0.021875 0.044921875
3 0.4015625 0.4375 0.0203125 0.04296875
1 0.2046875 0.41015625 0.01875 0.03515625
