1 0.9609375 0.41015625 0.0140625 0.0390625
1 0.9328125 0.41796875 0.01875 0.041015625
1 0.8734375 0.412109375 0.0203125 0.06640625
1 0.85625 0.404296875 0.015625 0.025390625
1 0.84375 0.412109375 0.028125 0.0703125
1 0.7046875 0.427734375 0.01875 0.076171875
1 0.690625 0.42578125 0.0203125 0.08203125
1 0.64375 0.439453125 0.0203125 0.052734375
1 0.596875 0.439453125 0.015625 0.037109375
3 0.51875 0.439453125 0.075 0.08203125
3 0.4203125 0.439453125 0.046875 0.052734375
3 0.396875 0.447265625 0.021875 0.0234375
3 0.3828125 0.447265625 0.01875 0.025390625
3 0.3265625 0.45703125 0.0578125 0.029296875
3 0.2578125 0.453125 0.0515625 0.056640625
3 0.1703125 0.435546875 0.090625 0.091796875
3 0.0515625 0.439453125 0.121875 0.126953125
3 0.0 0.45703125 0.0859375 0.16015625
