1 0.85625 0.375 0.0453125 0.259765625
3 0.703125 0.443359375 0.025 0.0234375
3 0.675 0.443359375 0.0296875 0.025390625
3 0.6296875 0.44140625 0.04375 0.021484375
3 0.58125 0.443359375 0.0359375 0.021484375
3 0.3921875 0.44140625 0.028125 0.033203125
3 0.5515625 0.443359375 0.028125 0.0234375
3 0.2875 0.435546875 0.1 0.09765625
3 0.11875 0.44140625 0.03125 0.025390625
3 0.0640625 0.4453125 0.0359375 0.0390625
1 0.240625 0.4296875 0.021875 0.0703125
1 0.0234375 0.42578125 0.0296875 0.13671875
3 0.0 0.42578125 0.025 0.03125
3 0.1765625 0.4296875 0.0328125 0.02734375
3 0.5078125 0.4375 0.021875 0.029296875
3 0.953125 0.421875 0.0453125 0.228515625
