3 0.0 0.501953125 0.059375 0.091796875
3 0.0 0.4453125 0.1109375 0.12109375
3 0.0890625 0.46484375 0.090625 0.1015625
3 0.115625 0.462890625 0.0828125 0.08203125
3 0.159375 0.4609375 0.075 0.0703125
1 0.2984375 0.462890625 0.0265625 0.087890625
1 0.2765625 0.45703125 0.0234375 0.091796875
3 0.5828125 0.470703125 0.071875 0.06640625
3 0.734375 0.46484375 0.0796875 0.076171875
3 0.7328125 0.45703125 0.2 0.1171875
3 0.7875 0.4609375 0.19375 0.1328125
3 0.46875 0.466796875 0.0265625 0.03515625
3 0.565625 0.4609375 0.0796875 0.0703125
