3 0.0 0.443359375 0.0625 0.115234375
3 0.0 0.396484375 0.1640625 0.1484375
3 0.165625 0.455078125 0.053125 0.06640625
3 0.165625 0.4375 0.0875 0.08203125
3 0.58125 0.443359375 0.10625 0.083984375
3 0.5953125 0.46875 0.05 0.064453125
3 0.646875 0.4375 0.096875 0.1015625
3 0.6890625 0.470703125 0.0484375 0.083984375
3 0.7265625 0.4140625 0.2234375 0.150390625
3 0.7921875 0.435546875 0.19375 0.154296875
3 0.9265625 0.4453125 0.0703125 0.162109375
1 0.303125 0.42578125 0.0171875 0.05859375
1 0.3390625 0.427734375 0.0171875 0.056640625
3 0.534375 0.44921875 0.03125 0.02734375
3 0.1640625 0.42578125 0.115625 0.076171875
