2 0.3421875 0.486328125 0.0203125 0.052734375
1 0.3390625 0.453125 0.028125 0.072265625
3 0.7515625 0.494140625 0.2453125 0.31640625
3 0.625 0.455078125 0.10625 0.130859375
3 0.5953125 0.458984375 0.046875 0.09375
3 0.4875 0.427734375 0.028125 0.033203125
3 0.003125 0.443359375 0.140625 0.115234375
3 0.165625 0.443359375 0.034375 0.064453125
3 0.259375 0.4296875 0.0265625 0.056640625
3 0.2828125 0.44140625 0.059375 0.052734375
3 0.36875 0.447265625 0.04375 0.0390625
3 0.409375 0.44140625 0.03125 0.029296875
3 0.575 0.45703125 0.0359375 0.05859375
3 0.5625 0.443359375 0.04375 0.052734375
3 0.5390625 0.43359375 0.0296875 0.037109375
