1 0.9125 0.53515625 0.0859375 0.306640625
1 0.9046875 0.484375 0.075 0.15234375
1 0.81875 0.4921875 0.090625 0.337890625
3 0.7421875 0.494140625 0.115625 0.1171875
3 0.6234375 0.443359375 0.0578125 0.056640625
3 0.55 0.4296875 0.040625 0.0390625
3 0.4484375 0.439453125 0.040625 0.052734375
3 0.4046875 0.46875 0.0703125 0.0703125
3 0.2625 0.458984375 0.128125 0.1484375
3 0.1890625 0.421875 0.0921875 0.064453125
3 0.0375 0.44140625 0.1765625 0.08203125
3 0.14375 0.486328125 0.165625 0.16796875
3 0.003125 0.525390625 0.2078125 0.255859375
3 0.484375 0.439453125 0.025 0.037109375
3 0.5046875 0.427734375 0.0265625 0.033203125
3 0.60625 0.435546875 0.03125 0.0390625
3 0.0015625 0.421875 0.0765625 0.068359375
