3 0.6703125 0.490234375 0.328125 0.294921875
3 0.6140625 0.466796875 0.1203125 0.103515625
3 0.578125 0.44921875 0.078125 0.078125
3 0.346875 0.447265625 0.0296875 0.037109375
3 0.2125 0.431640625 0.084375 0.123046875
3 0.0046875 0.421875 0.240625 0.208984375
3 0.428125 0.443359375 0.040625 0.03515625
3 0.6953125 0.4375 0.078125 0.06640625
3 0.2984375 0.44140625 0.0296875 0.0859375
1 0.5140625 0.44921875 0.0125 0.044921875
1 0.5 0.447265625 0.0125 0.046875
1 0.4921875 0.447265625 0.0125 0.048828125
1 0.40625 0.44140625 0.0125 0.04296875
3 0.95 0.458984375 0.046875 0.068359375
