3 0.346875 0.455078125 0.1375 0.126953125
3 0.94375 0.572265625 0.053125 0.306640625
1 0.9140625 0.455078125 0.0234375 0.068359375
1 0.8921875 0.455078125 0.0265625 0.064453125
1 0.875 0.447265625 0.0234375 0.072265625
3 0.509375 0.447265625 0.046875 0.0546875
3 0.2171875 0.44140625 0.0421875 0.025390625
1 0.5796875 0.44140625 0.0140625 0.044921875
3 0.93125 0.453125 0.059375 0.0546875
3 0.6328125 0.443359375 0.046875 0.03515625
3 0.678125 0.44921875 0.0296875 0.02734375
3 0.1875 0.44140625 0.0265625 0.02734375
