3 0.928125 0.55078125 0.0703125 0.30859375
3 0.3921875 0.439453125 0.09375 0.072265625
3 0.303125 0.43359375 0.078125 0.0703125
3 0.45625 0.427734375 0.0359375 0.07421875
3 0.484375 0.423828125 0.025 0.05859375
1 0.1921875 0.42578125 0.0234375 0.076171875
1 0.2140625 0.421875 0.015625 0.0625
1 0.284375 0.43359375 0.015625 0.0546875
1 0.96875 0.412109375 0.0234375 0.087890625
1 0.69375 0.4375 0.015625 0.044921875
1 0.7125 0.427734375 0.0125 0.0234375
2 0.95625 0.458984375 0.0140625 0.044921875
1 0.7671875 0.421875 0.0203125 0.03515625
1 0.634375 0.427734375 0.01875 0.03515625
2 0.6390625 0.4609375 0.0109375 0.0234375
1 0.6046875 0.42578125 0.0203125 0.037109375
2 0.6140625 0.458984375 0.0109375 0.02734375
3 0.365625 0.427734375 0.0296875 0.068359375
1 0.1578125 0.4140625 0.0203125 0.0390625
