3 0.5546875 0.44921875 0.096875 0.044921875
2 0.5515625 0.474609375 0.0234375 0.03515625
3 0.5015625 0.435546875 0.05 0.044921875
3 0.4890625 0.4375 0.0203125 0.037109375
3 0.4671875 0.43359375 0.028125 0.041015625
2 0.5171875 0.478515625 0.0296875 0.029296875
1 0.453125 0.443359375 0.0203125 0.060546875
1 0.434375 0.455078125 0.01875 0.052734375
3 0.428125 0.4375 0.0203125 0.013671875
1 0.375 0.423828125 0.0125 0.025390625
1 0.35625 0.421875 0.009375 0.0234375
3 0.1328125 0.423828125 0.196875 0.21875
3 0.0 0.458984375 0.04375 0.13671875
