3 0.8015625 0.349609375 0.196875 0.33203125
18 0.8484375 0.61328125 0.10625 0.15234375
1 0.6875 0.375 0.115625 0.365234375
1 0.6546875 0.38671875 0.059375 0.265625
3 0.578125 0.443359375 0.0875 0.1328125
3 0.5515625 0.47265625 0.0265625 0.056640625
3 0.521875 0.453125 0.046875 0.0703125
3 0.4796875 0.453125 0.0453125 0.0625
3 0.4625 0.45703125 0.021875 0.03515625
3 0.4515625 0.443359375 0.021875 0.025390625
3 0.340625 0.40625 0.11875 0.154296875
3 0.3234375 0.44140625 0.0203125 0.037109375
3 0.3 0.443359375 0.028125 0.037109375
3 0.271875 0.4375 0.04375 0.068359375
3 0.1828125 0.439453125 0.0703125 0.091796875
3 0.1546875 0.43359375 0.05625 0.115234375
3 0.0 0.318359375 0.1859375 0.333984375
3 0.184375 0.427734375 0.0921875 0.087890625
