2 0.70625 0.53125 0.084375 0.244140625
2 0.584375 0.4765625 0.0296875 0.119140625
2 0.465625 0.470703125 0.0359375 0.1015625
2 0.3890625 0.478515625 0.028125 0.119140625
2 0.296875 0.484375 0.028125 0.125
3 0.196875 0.439453125 0.0859375 0.072265625
1 0.140625 0.421875 0.021875 0.060546875
3 0.103125 0.41796875 0.0375 0.0546875
1 0.928125 0.404296875 0.0359375 0.03125
2 0.83125 0.462890625 0.08125 0.1328125
2 0.9203125 0.455078125 0.078125 0.2109375
2 0.778125 0.48828125 0.046875 0.111328125
1 0.2640625 0.42578125 0.0171875 0.03515625
1 0.68125 0.298828125 0.109375 0.3046875
1 0.6328125 0.4453125 0.0234375 0.04296875
1 0.5796875 0.3671875 0.0421875 0.208984375
1 0.453125 0.3984375 0.0546875 0.16796875
1 0.3796875 0.37890625 0.0484375 0.1953125
1 0.2859375 0.40234375 0.046875 0.193359375
2 0.11875 0.46484375 0.021875 0.05078125
