3 0.853125 0.37890625 0.1390625 0.140625
3 0.9046875 0.439453125 0.0859375 0.099609375
1 0.778125 0.37890625 0.059375 0.203125
1 0.6421875 0.416015625 0.028125 0.115234375
1 0.615625 0.40625 0.0328125 0.123046875
1 0.45 0.4375 0.0234375 0.05859375
1 0.3796875 0.4375 0.0296875 0.09375
1 0.159375 0.458984375 0.021875 0.04296875
1 0.1171875 0.46875 0.0203125 0.037109375
1 0.54375 0.435546875 0.01875 0.046875
1 0.5640625 0.423828125 0.021875 0.060546875
3 0.7125 0.431640625 0.034375 0.0546875
3 0.85 0.390625 0.065625 0.041015625
