3 0.0984375 0.453125 0.109375 0.0546875
3 0.1796875 0.45703125 0.11875 0.107421875
3 0.2828125 0.453125 0.06875 0.060546875
3 0.3234375 0.44140625 0.040625 0.05078125
3 0.625 0.431640625 0.0359375 0.046875
3 0.4796875 0.423828125 0.03125 0.033203125
3 0.659375 0.43359375 0.075 0.07421875
3 0.85625 0.427734375 0.140625 0.107421875
3 0.909375 0.431640625 0.0875 0.1640625
1 0.509375 0.4296875 0.021875 0.060546875
3 0.7296875 0.466796875 0.0328125 0.076171875
3 0.7875 0.4453125 0.096875 0.1015625
3 0.371875 0.42578125 0.0328125 0.037109375
3 0.3921875 0.416015625 0.028125 0.03515625
2 0.515625 0.4609375 0.01875 0.03515625
