1 0.05625 0.466796875 0.0203125 0.0546875
1 0.075 0.46484375 0.028125 0.06640625
1 0.70625 0.4765625 0.05625 0.177734375
1 0.8 0.4609375 0.025 0.072265625
1 0.8296875 0.46875 0.0328125 0.056640625
1 0.9078125 0.470703125 0.0234375 0.060546875
1 0.2484375 0.470703125 0.01875 0.064453125
3 0.3640625 0.478515625 0.0546875 0.046875
3 0.378125 0.484375 0.33125 0.33984375
1 0.6578125 0.47265625 0.015625 0.037109375
1 0.628125 0.47265625 0.0125 0.02734375
1 0.3171875 0.470703125 0.01875 0.025390625
1 0.4375 0.4609375 0.109375 0.0625
1 0.2546875 0.46875 0.01875 0.06640625
1 0.9328125 0.478515625 0.0234375 0.041015625
2 0.7171875 0.56640625 0.0328125 0.111328125
