1 0.7 0.40625 0.03125 0.169921875
3 0.73125 0.44140625 0.053125 0.0859375
3 0.6140625 0.42578125 0.0640625 0.09765625
3 0.5703125 0.423828125 0.0453125 0.087890625
3 0.53125 0.43359375 0.0375 0.07421875
3 0.503125 0.4453125 0.03125 0.05859375
3 0.478125 0.443359375 0.0296875 0.05078125
3 0.465625 0.46484375 0.0171875 0.025390625
3 0.4546875 0.470703125 0.0125 0.01953125
1 0.353125 0.45703125 0.0109375 0.03125
1 0.321875 0.44921875 0.015625 0.041015625
3 0.8265625 0.427734375 0.053125 0.02734375
