3 0.8828125 0.373046875 0.09375 0.119140625
3 0.815625 0.4140625 0.05 0.076171875
1 0.7828125 0.384765625 0.0328125 0.15625
1 0.7484375 0.41015625 0.034375 0.0859375
1 0.7125 0.3984375 0.03125 0.087890625
1 0.690625 0.4140625 0.0125 0.12890625
1 0.628125 0.40625 0.021875 0.08984375
1 0.578125 0.42578125 0.0171875 0.08203125
1 0.5703125 0.423828125 0.0109375 0.08203125
3 0.4421875 0.447265625 0.0265625 0.029296875
3 0.4390625 0.443359375 0.0125 0.01953125
3 0.421875 0.4453125 0.0125 0.015625
3 0.396875 0.4453125 0.0140625 0.021484375
3 0.38125 0.4453125 0.0109375 0.021484375
3 0.3703125 0.44921875 0.0109375 0.021484375
3 0.3578125 0.453125 0.0140625 0.021484375
3 0.340625 0.453125 0.021875 0.029296875
3 0.325 0.455078125 0.0203125 0.029296875
3 0.265625 0.443359375 0.0640625 0.05859375
1 0.025 0.4453125 0.0203125 0.07421875
