1 0.2015625 0.396484375 0.0953125 0.244140625
3 0.415625 0.4609375 0.0859375 0.1171875
3 0.25 0.408203125 0.1984375 0.134765625
3 0.471875 0.421875 0.2625 0.177734375
3 0.7234375 0.443359375 0.2734375 0.2109375
3 0.1875 0.44921875 0.0328125 0.091796875
3 0.15625 0.4609375 0.0296875 0.0703125
3 0.1265625 0.455078125 0.0328125 0.08203125
3 0.1046875 0.462890625 0.0234375 0.0625
3 0.0625 0.458984375 0.0421875 0.064453125
1 0.0046875 0.44921875 0.025 0.07421875
1 0.971875 0.412109375 0.0265625 0.060546875
