1 0.3640625 0.423828125 0.0234375 0.09765625
1 0.546875 0.439453125 0.01875 0.044921875
3 0.7765625 0.490234375 0.2203125 0.3359375
3 0.6796875 0.443359375 0.2484375 0.220703125
3 0.6484375 0.46875 0.084375 0.107421875
3 0.609375 0.4609375 0.078125 0.099609375
3 0.1578125 0.44921875 0.1578125 0.115234375
3 0.003125 0.462890625 0.1359375 0.197265625
3 0.2734375 0.431640625 0.084375 0.107421875
3 0.06875 0.4375 0.090625 0.072265625
3 0.3828125 0.435546875 0.03125 0.0625
3 0.41875 0.44140625 0.0296875 0.0390625
3 0.4453125 0.44140625 0.01875 0.037109375
3 0.46875 0.44140625 0.021875 0.02734375
3 0.603125 0.45703125 0.0421875 0.07421875
3 0.578125 0.4375 0.059375 0.06640625
1 0.5625 0.443359375 0.0140625 0.02734375
