3 0.0 0.5390625 0.08125 0.1953125
3 0.196875 0.478515625 0.1296875 0.107421875
3 0.30625 0.455078125 0.0671875 0.0703125
3 0.35625 0.453125 0.053125 0.046875
3 0.48125 0.427734375 0.0421875 0.044921875
3 0.575 0.44140625 0.065625 0.05859375
3 0.640625 0.462890625 0.11875 0.115234375
3 0.86875 0.455078125 0.1234375 0.119140625
3 0.7171875 0.529296875 0.2625 0.220703125
3 0.2390625 0.44140625 0.0453125 0.0390625
3 0.278125 0.46875 0.0734375 0.072265625
3 0.7375 0.435546875 0.0703125 0.052734375
3 0.8296875 0.41796875 0.0734375 0.03515625
3 0.79375 0.458984375 0.0359375 0.068359375
1 0.921875 0.5546875 0.075 0.443359375
2 0.9015625 0.755859375 0.0578125 0.240234375
