3 0.0 0.517578125 0.1359375 0.19140625
3 0.084375 0.498046875 0.1375 0.13671875
3 0.203125 0.474609375 0.0859375 0.1015625
3 0.2625 0.46484375 0.1359375 0.140625
3 0.5578125 0.4609375 0.059375 0.072265625
3 0.5390625 0.44140625 0.0609375 0.064453125
3 0.4484375 0.427734375 0.028125 0.029296875
3 0.7234375 0.552734375 0.2734375 0.31640625
3 0.875 0.724609375 0.11875 0.265625
2 0.615625 0.591796875 0.0234375 0.13671875
1 0.5890625 0.470703125 0.06875 0.234375
3 0.3546875 0.4375 0.0421875 0.046875
3 0.3875 0.439453125 0.0265625 0.037109375
3 0.509375 0.42578125 0.0328125 0.041015625
3 0.671875 0.4453125 0.040625 0.0703125
