1 0.1453125 0.37890625 0.046875 0.15234375
1 0.271875 0.408203125 0.046875 0.109375
1 0.35 0.41015625 0.0453125 0.09765625
1 0.440625 0.380859375 0.0421875 0.11328125
1 0.484375 0.384765625 0.0265625 0.078125
1 0.5078125 0.37890625 0.0328125 0.10546875
1 0.5390625 0.404296875 0.03125 0.064453125
1 0.60625 0.40234375 0.034375 0.087890625
3 0.1953125 0.37890625 0.0734375 0.0625
3 0.2828125 0.373046875 0.1421875 0.095703125
2 0.11875 0.4765625 0.1046875 0.068359375
2 0.25625 0.4765625 0.084375 0.064453125
2 0.3484375 0.478515625 0.0453125 0.04296875
2 0.4296875 0.46875 0.0484375 0.052734375
2 0.5046875 0.455078125 0.0421875 0.052734375
2 0.6046875 0.453125 0.034375 0.041015625
2 0.534375 0.453125 0.0421875 0.0390625
2 0.7265625 0.4453125 0.0265625 0.041015625
1 0.73125 0.3984375 0.0296875 0.072265625
