1 0.59375 0.447265625 0.025 0.068359375
1 0.7203125 0.43359375 0.021875 0.076171875
3 0.1 0.45703125 0.134375 0.0859375
3 0.20625 0.45703125 0.0546875 0.060546875
3 0.2625 0.45703125 0.0671875 0.046875
3 0.3046875 0.443359375 0.0453125 0.0546875
3 0.3375 0.453125 0.0375 0.04296875
3 0.425 0.443359375 0.0234375 0.02734375
3 0.3625 0.453125 0.028125 0.03515625
3 0.4625 0.44921875 0.0203125 0.017578125
3 0.5046875 0.44921875 0.0125 0.015625
1 0.5140625 0.4375 0.0125 0.03125
2 0.6 0.478515625 0.0140625 0.041015625
