3 0.7765625 0.423828125 0.065625 0.076171875
3 0.8546875 0.376953125 0.14375 0.140625
3 0.9046875 0.423828125 0.0921875 0.12109375
1 0.684375 0.423828125 0.0265625 0.099609375
1 0.6546875 0.4140625 0.0265625 0.115234375
1 0.634375 0.42578125 0.0296875 0.08203125
1 0.6140625 0.43359375 0.025 0.0703125
1 0.5421875 0.4375 0.01875 0.04296875
1 0.571875 0.439453125 0.0203125 0.0546875
1 0.5921875 0.43359375 0.0203125 0.052734375
1 0.159375 0.458984375 0.01875 0.04296875
1 0.1171875 0.47265625 0.0203125 0.03125
1 0.1015625 0.462890625 0.0203125 0.052734375
3 0.43125 0.447265625 0.03125 0.033203125
1 0.36875 0.447265625 0.0109375 0.02734375
1 0.3578125 0.453125 0.009375 0.0234375
1 0.375 0.4453125 0.0109375 0.029296875
