3 0.8671875 0.337890625 0.1296875 0.294921875
18 0.8734375 0.63671875 0.125 0.1640625
3 0.8078125 0.427734375 0.05625 0.130859375
1 0.715625 0.3671875 0.103125 0.40234375
1 0.675 0.375 0.0546875 0.29296875
3 0.5953125 0.439453125 0.0796875 0.154296875
3 0.5671875 0.453125 0.03125 0.095703125
3 0.534375 0.453125 0.03125 0.078125
3 0.4890625 0.44921875 0.046875 0.068359375
3 0.46875 0.447265625 0.0203125 0.052734375
3 0.45 0.443359375 0.0203125 0.0546875
3 0.3484375 0.408203125 0.10625 0.140625
3 0.3265625 0.439453125 0.025 0.037109375
3 0.2953125 0.439453125 0.034375 0.046875
3 0.2671875 0.439453125 0.04375 0.06640625
3 0.2234375 0.435546875 0.05 0.091796875
3 0.19375 0.421875 0.046875 0.1328125
3 0.14375 0.41015625 0.046875 0.14453125
3 0.115625 0.44140625 0.04375 0.154296875
3 0.0 0.28515625 0.1109375 0.41015625
