1 0.69375 0.458984375 0.03125 0.091796875
1 0.6703125 0.431640625 0.0296875 0.11328125
1 0.646875 0.435546875 0.028125 0.10546875
3 0.4671875 0.443359375 0.0453125 0.04296875
3 0.428125 0.455078125 0.03125 0.033203125
1 0.415625 0.4453125 0.0109375 0.03125
1 0.3375 0.435546875 0.015625 0.029296875
2 0.3390625 0.46484375 0.009375 0.021484375
3 0.2828125 0.4453125 0.0234375 0.041015625
3 0.2390625 0.4375 0.0453125 0.060546875
3 0.13125 0.42578125 0.1078125 0.09375
3 0.1140625 0.4453125 0.0265625 0.03515625
3 0.0 0.384765625 0.1265625 0.1875
