3 0.55 0.439453125 0.059375 0.060546875
3 0.3921875 0.4453125 0.040625 0.04296875
3 0.296875 0.4453125 0.040625 0.041015625
3 0.225 0.435546875 0.059375 0.0546875
3 0.090625 0.4609375 0.1421875 0.13671875
3 0.003125 0.455078125 0.1234375 0.197265625
3 0.6421875 0.4453125 0.1625 0.169921875
3 0.6953125 0.48046875 0.26875 0.234375
3 0.7890625 0.517578125 0.2078125 0.47265625
1 0.5171875 0.4375 0.021875 0.046875
1 0.4421875 0.44140625 0.01875 0.044921875
3 0.3453125 0.4453125 0.05625 0.05859375
3 0.33125 0.44140625 0.0296875 0.0390625
