3 0.0015625 0.484375 0.0375 0.19140625
3 0.028125 0.46875 0.153125 0.16796875
3 0.1484375 0.47265625 0.1234375 0.1171875
3 0.26875 0.4453125 0.059375 0.060546875
3 0.2953125 0.470703125 0.0796875 0.072265625
3 0.365625 0.466796875 0.0359375 0.0625
3 0.4 0.466796875 0.040625 0.04296875
3 0.609375 0.470703125 0.0546875 0.076171875
3 0.6421875 0.455078125 0.065625 0.130859375
3 0.65625 0.447265625 0.1765625 0.162109375
3 0.7015625 0.501953125 0.2671875 0.197265625
1 0.5453125 0.44921875 0.0203125 0.099609375
1 0.5703125 0.44921875 0.0265625 0.0859375
1 0.590625 0.443359375 0.04375 0.126953125
3 0.428125 0.470703125 0.025 0.033203125
3 0.434375 0.4609375 0.028125 0.0390625
3 0.465625 0.4609375 0.025 0.02734375
3 0.4796875 0.455078125 0.0203125 0.025390625
