3 0.58125 0.4296875 0.2171875 0.216796875
3 0.534375 0.458984375 0.08125 0.107421875
3 0.503125 0.4375 0.090625 0.107421875
3 0.4765625 0.4609375 0.0296875 0.05859375
3 0.465625 0.46484375 0.021875 0.0390625
3 0.4484375 0.46484375 0.0265625 0.03515625
3 0.4078125 0.46484375 0.0375 0.041015625
3 0.3546875 0.458984375 0.03125 0.037109375
3 0.2640625 0.470703125 0.04375 0.041015625
3 0.1875 0.4453125 0.05625 0.091796875
3 0.0765625 0.443359375 0.1296875 0.12109375
3 0.0 0.431640625 0.0375 0.171875
