3 0.78125 0.42578125 0.0578125 0.0703125
3 0.8515625 0.3828125 0.1234375 0.14453125
3 0.8984375 0.4609375 0.0734375 0.0859375
1 0.9515625 0.33984375 0.0390625 0.318359375
1 0.6828125 0.408203125 0.0359375 0.134765625
1 0.6453125 0.400390625 0.0375 0.1484375
1 0.45 0.427734375 0.0234375 0.08203125
1 0.415625 0.43359375 0.028125 0.078125
1 0.2296875 0.396484375 0.05625 0.212890625
1 0.346875 0.44921875 0.0109375 0.02734375
1 0.359375 0.44921875 0.0140625 0.025390625
1 0.1625 0.458984375 0.0203125 0.044921875
1 0.11875 0.47265625 0.021875 0.03125
1 0.1015625 0.4609375 0.0234375 0.056640625
1 0.5890625 0.4296875 0.01875 0.05859375
1 0.5671875 0.4296875 0.0203125 0.056640625
1 0.6203125 0.427734375 0.0203125 0.046875
1 0.6078125 0.427734375 0.01875 0.056640625
3 0.7125 0.4296875 0.034375 0.056640625
