3 0.675 0.50390625 0.2828125 0.228515625
3 0.546875 0.490234375 0.1828125 0.125
3 0.546875 0.46484375 0.0921875 0.044921875
1 0.525 0.443359375 0.021875 0.068359375
1 0.503125 0.447265625 0.0234375 0.06640625
3 0.1390625 0.44140625 0.0703125 0.060546875
3 0.0890625 0.453125 0.0546875 0.04296875
3 0.0390625 0.44921875 0.0578125 0.04296875
3 0.6484375 0.462890625 0.084375 0.0625
3 0.7421875 0.458984375 0.0515625 0.056640625
3 0.8078125 0.466796875 0.0703125 0.0625
3 0.94375 0.462890625 0.0546875 0.056640625
