2 0.715625 0.515625 0.075 0.177734375
2 0.5796875 0.474609375 0.021875 0.107421875
2 0.5 0.48046875 0.021875 0.109375
2 0.2421875 0.515625 0.03125 0.091796875
2 0.0953125 0.48828125 0.0390625 0.115234375
2 0.0 0.5390625 0.096875 0.10546875
2 0.4453125 0.462890625 0.0140625 0.037109375
1 0.6953125 0.333984375 0.090625 0.279296875
1 0.565625 0.376953125 0.0484375 0.177734375
1 0.4859375 0.39453125 0.0484375 0.181640625
1 0.44375 0.427734375 0.0234375 0.0390625
3 0.428125 0.4453125 0.0203125 0.029296875
3 0.3984375 0.443359375 0.021875 0.025390625
3 0.375 0.453125 0.021875 0.0234375
1 0.2265625 0.41015625 0.053125 0.15234375
1 0.0875 0.39453125 0.05625 0.15234375
1 0.0 0.376953125 0.0875 0.216796875
