1 0.95 0.416015625 0.040625 0.19140625
1 0.9140625 0.4296875 0.0359375 0.16796875
1 0.0171875 0.384765625 0.0484375 0.162109375
1 0.475 0.4375 0.0265625 0.05078125
1 0.375 0.431640625 0.0234375 0.044921875
1 0.5953125 0.43359375 0.0234375 0.0546875
1 0.621875 0.431640625 0.0203125 0.056640625
1 0.6765625 0.4296875 0.0171875 0.0390625
1 0.725 0.4453125 0.01875 0.0234375
2 0.771875 0.486328125 0.0546875 0.162109375
2 0.8234375 0.484375 0.0578125 0.169921875
1 0.4546875 0.435546875 0.0203125 0.033203125
2 0.459375 0.455078125 0.009375 0.02734375
2 0.975 0.6171875 0.0234375 0.15625
2 0.7078125 0.498046875 0.0609375 0.09375
1 0.734375 0.447265625 0.0203125 0.03515625
3 0.5171875 0.44140625 0.021875 0.029296875
1 0.3484375 0.427734375 0.01875 0.041015625
