3 0.9546875 0.470703125 0.0421875 0.064453125
3 0.8984375 0.466796875 0.0546875 0.0546875
3 0.8703125 0.439453125 0.028125 0.083984375
3 0.940625 0.439453125 0.0578125 0.025390625
3 0.89375 0.435546875 0.0484375 0.029296875
3 0.83125 0.466796875 0.03125 0.052734375
3 0.8125 0.439453125 0.053125 0.029296875
3 0.73125 0.46875 0.0265625 0.041015625
1 0.615625 0.4375 0.0203125 0.05859375
3 0.5375 0.45703125 0.0625 0.060546875
3 0.4875 0.45703125 0.0359375 0.03515625
3 0.3453125 0.421875 0.1234375 0.14453125
3 0.2484375 0.458984375 0.0359375 0.03125
3 0.1546875 0.4609375 0.06875 0.052734375
3 0.090625 0.46484375 0.0625 0.05078125
