3 0.0015625 0.4609375 0.1796875 0.16015625
3 0.165625 0.427734375 0.1875 0.12890625
3 0.3640625 0.447265625 0.0375 0.029296875
3 0.446875 0.44140625 0.040625 0.03515625
3 0.5875 0.44140625 0.0625 0.072265625
3 0.6015625 0.458984375 0.065625 0.078125
3 0.6296875 0.46875 0.178125 0.140625
3 0.74375 0.4921875 0.2546875 0.306640625
3 0.678125 0.435546875 0.06875 0.037109375
3 0.8515625 0.453125 0.0859375 0.04296875
3 0.93125 0.4609375 0.0609375 0.044921875
3 0.3515625 0.4453125 0.0296875 0.060546875
1 0.5015625 0.447265625 0.0171875 0.041015625
1 0.4796875 0.447265625 0.01875 0.041015625
