3 0.003125 0.521484375 0.1921875 0.29296875
3 0.0 0.45703125 0.0671875 0.0703125
3 0.0140625 0.4140625 0.16875 0.10546875
3 0.1734375 0.44140625 0.084375 0.052734375
1 0.2578125 0.4453125 0.025 0.08203125
3 0.4796875 0.423828125 0.0265625 0.025390625
3 0.553125 0.453125 0.0484375 0.052734375
3 0.5921875 0.455078125 0.1046875 0.09375
3 0.6 0.48046875 0.1609375 0.150390625
3 0.68125 0.509765625 0.278125 0.2265625
3 0.3015625 0.44140625 0.05625 0.03515625
3 0.421875 0.435546875 0.0296875 0.025390625
3 0.5296875 0.439453125 0.03125 0.037109375
3 0.2140625 0.4296875 0.05 0.03515625
