1 0.671875 0.474609375 0.0234375 0.060546875
1 0.646875 0.46484375 0.0234375 0.109375
3 0.6796875 0.4375 0.31875 0.265625
3 0.56875 0.455078125 0.1546875 0.13671875
3 0.54375 0.439453125 0.10625 0.1171875
3 0.5265625 0.44921875 0.0296875 0.087890625
3 0.478125 0.447265625 0.0375 0.05859375
3 0.434375 0.45703125 0.0515625 0.052734375
3 0.3328125 0.44921875 0.065625 0.072265625
3 0.3015625 0.466796875 0.03125 0.052734375
3 0.2515625 0.4453125 0.0515625 0.087890625
3 0.159375 0.447265625 0.109375 0.109375
3 0.0 0.501953125 0.0390625 0.125
