1 0.003125 0.30078125 0.04375 0.09375
1 0.0484375 0.283203125 0.05625 0.193359375
3 0.078125 0.34375 0.096875 0.1015625
3 0.15625 0.34765625 0.05625 0.07421875
3 0.2140625 0.3515625 0.0609375 0.0625
3 0.2984375 0.353515625 0.05 0.052734375
3 0.503125 0.361328125 0.11875 0.12109375
3 0.4796875 0.365234375 0.0546875 0.072265625
3 0.4265625 0.376953125 0.0234375 0.0234375
3 0.809375 0.392578125 0.1859375 0.169921875
3 0.003125 0.34765625 0.0703125 0.224609375
1 0.45625 0.37109375 0.0125 0.03515625
1 0.4125 0.365234375 0.0140625 0.037109375
1 0.3984375 0.36328125 0.01875 0.037109375
3 0.2671875 0.35546875 0.0359375 0.056640625
3 0.34375 0.365234375 0.03125 0.037109375
3 0.3703125 0.37109375 0.021875 0.03125
3 0.4703125 0.353515625 0.0328125 0.0625
