2 0.2484375 0.46875 0.0421875 0.044921875
2 0.1640625 0.43359375 0.0421875 0.068359375
2 0.2140625 0.439453125 0.0328125 0.0625
2 0.0046875 0.458984375 0.0625 0.087890625
2 0.28125 0.47265625 0.03125 0.068359375
1 0.284375 0.421875 0.034375 0.107421875
1 0.028125 0.396484375 0.0359375 0.10546875
1 0.0 0.39453125 0.0375 0.11328125
1 0.4671875 0.42578125 0.0234375 0.06640625
1 0.4875 0.423828125 0.0296875 0.07421875
1 0.8890625 0.439453125 0.0375 0.09375
1 0.9234375 0.4140625 0.0328125 0.05078125
3 0.8265625 0.447265625 0.171875 0.3515625
3 0.6765625 0.458984375 0.209375 0.20703125
1 0.9234375 0.44921875 0.0296875 0.091796875
1 0.771875 0.43359375 0.025 0.029296875
1 0.725 0.42578125 0.0203125 0.037109375
3 0.540625 0.439453125 0.021875 0.0234375
1 0.590625 0.427734375 0.015625 0.048828125
