3 0.265625 0.46484375 0.1171875 0.109375
3 0.003125 0.5390625 0.2015625 0.3359375
3 0.7984375 0.5234375 0.196875 0.138671875
3 0.8015625 0.5859375 0.196875 0.396484375
3 0.7828125 0.455078125 0.0828125 0.068359375
1 0.7265625 0.45703125 0.028125 0.068359375
1 0.4390625 0.439453125 0.03125 0.1171875
1 0.403125 0.443359375 0.03125 0.119140625
1 0.6046875 0.431640625 0.01875 0.04296875
1 0.375 0.44140625 0.028125 0.123046875
1 0.615625 0.470703125 0.0734375 0.228515625
2 0.621875 0.599609375 0.0375 0.125
3 0.9234375 0.47265625 0.0546875 0.060546875
1 0.490625 0.4375 0.0234375 0.05078125
