1 0.8671875 0.41796875 0.034375 0.14453125
1 0.8328125 0.416015625 0.0328125 0.1484375
1 0.7890625 0.447265625 0.03125 0.115234375
3 0.7546875 0.421875 0.05 0.05859375
3 0.5765625 0.42578125 0.134375 0.068359375
3 0.48125 0.43359375 0.028125 0.029296875
3 0.4234375 0.4140625 0.0234375 0.029296875
3 0.384375 0.427734375 0.0359375 0.041015625
3 0.28125 0.4453125 0.075 0.06640625
3 0.228125 0.44921875 0.05625 0.05078125
3 0.1203125 0.447265625 0.0859375 0.083984375
3 0.009375 0.453125 0.115625 0.1015625
