1 0.6953125 0.4609375 0.0234375 0.0859375
3 0.590625 0.466796875 0.0515625 0.052734375
3 0.31875 0.46875 0.059375 0.064453125
3 0.2203125 0.46875 0.1203125 0.095703125
3 0.365625 0.466796875 0.05 0.05078125
3 0.0015625 0.4296875 0.159375 0.244140625
3 0.5421875 0.458984375 0.040625 0.03515625
3 0.4484375 0.45703125 0.0359375 0.0390625
3 0.4015625 0.466796875 0.0359375 0.04296875
3 0.1515625 0.486328125 0.0609375 0.091796875
3 0.428125 0.462890625 0.034375 0.041015625
3 0.4828125 0.45703125 0.021875 0.03125
1 0.5265625 0.455078125 0.015625 0.044921875
3 0.7984375 0.474609375 0.046875 0.044921875
1 0.5671875 0.45703125 0.0171875 0.0234375
