1 0.6640625 0.4609375 0.0515625 0.24609375
1 0.540625 0.455078125 0.0515625 0.177734375
3 0.703125 0.4921875 0.24375 0.248046875
3 0.575 0.453125 0.05625 0.05078125
3 0.4015625 0.435546875 0.071875 0.07421875
3 0.3 0.46484375 0.0671875 0.060546875
3 0.240625 0.47265625 0.075 0.087890625
3 0.18125 0.484375 0.096875 0.1171875
3 0.046875 0.470703125 0.15625 0.17578125
3 0.0 0.53125 0.0921875 0.185546875
2 0.5453125 0.5546875 0.0328125 0.09765625
3 0.3671875 0.443359375 0.046875 0.056640625
3 0.2625 0.44140625 0.0453125 0.041015625
3 0.6578125 0.44140625 0.0328125 0.05859375
