3 0.784375 0.416015625 0.0515625 0.0859375
3 0.8515625 0.37890625 0.146875 0.14453125
3 0.903125 0.41796875 0.0953125 0.12890625
1 0.715625 0.416015625 0.0359375 0.15625
1 0.7453125 0.376953125 0.040625 0.1953125
1 0.36875 0.44921875 0.0125 0.029296875
1 0.159375 0.458984375 0.01875 0.052734375
1 0.540625 0.4375 0.015625 0.046875
3 0.6328125 0.431640625 0.0234375 0.03125
1 0.5578125 0.431640625 0.0234375 0.0546875
1 0.1171875 0.470703125 0.0203125 0.033203125
1 0.1015625 0.462890625 0.021875 0.052734375
