1 0.753125 0.412109375 0.0875 0.259765625
1 0.83125 0.431640625 0.11875 0.28515625
3 0.003125 0.45703125 0.265625 0.19921875
3 0.2125 0.4296875 0.15 0.169921875
3 0.3546875 0.453125 0.084375 0.083984375
3 0.4203125 0.439453125 0.053125 0.060546875
3 0.6703125 0.466796875 0.0921875 0.0859375
2 0.85625 0.6015625 0.0734375 0.1875
2 0.7734375 0.55859375 0.0359375 0.138671875
3 0.64375 0.462890625 0.040625 0.052734375
3 0.6328125 0.462890625 0.0234375 0.044921875
3 0.6234375 0.45703125 0.0265625 0.041015625
3 0.6 0.45703125 0.025 0.025390625
3 0.5078125 0.453125 0.0234375 0.025390625
