1 0.496875 0.40625 0.040625 0.1328125
1 0.4546875 0.41015625 0.046875 0.134765625
1 0.559375 0.396484375 0.0296875 0.119140625
1 0.88125 0.314453125 0.071875 0.3984375
1 0.953125 0.28125 0.0453125 0.474609375
3 0.63125 0.39453125 0.1578125 0.099609375
3 0.6046875 0.3828125 0.13125 0.1015625
3 0.3171875 0.44140625 0.0921875 0.08984375
1 0.434375 0.41796875 0.021875 0.064453125
1 0.025 0.455078125 0.0203125 0.033203125
1 0.1453125 0.443359375 0.0203125 0.037109375
1 0.1578125 0.439453125 0.0125 0.037109375
