1 0.6203125 0.423828125 0.025 0.103515625
1 0.640625 0.400390625 0.034375 0.12890625
1 0.15625 0.462890625 0.028125 0.060546875
3 0.778125 0.42578125 0.05625 0.07421875
3 0.8515625 0.376953125 0.1453125 0.14453125
3 0.9046875 0.427734375 0.09375 0.1171875
1 0.5984375 0.435546875 0.021875 0.0546875
1 0.5796875 0.427734375 0.0203125 0.0546875
1 0.5453125 0.431640625 0.021875 0.046875
1 0.3703125 0.447265625 0.0140625 0.029296875
3 0.7125 0.427734375 0.0359375 0.05859375
1 0.115625 0.474609375 0.021875 0.03125
1 0.1015625 0.462890625 0.021875 0.060546875
