3 0.3546875 0.443359375 0.04375 0.05078125
3 0.359375 0.46484375 0.0234375 0.041015625
3 0.3390625 0.458984375 0.0328125 0.06640625
3 0.3265625 0.466796875 0.0234375 0.06640625
3 0.23125 0.455078125 0.09375 0.095703125
3 0.5546875 0.44921875 0.0328125 0.076171875
3 0.571875 0.431640625 0.075 0.10546875
3 0.5875 0.48046875 0.1 0.09765625
2 0.3953125 0.517578125 0.0234375 0.056640625
2 0.5390625 0.44921875 0.03125 0.056640625
1 0.24375 0.4453125 0.0203125 0.037109375
1 0.4171875 0.443359375 0.01875 0.033203125
1 0.39375 0.4453125 0.0359375 0.109375
1 0.4953125 0.447265625 0.040625 0.123046875
