3 0.0 0.505859375 0.1 0.2265625
3 0.0734375 0.50390625 0.1515625 0.1484375
3 0.178125 0.48046875 0.109375 0.107421875
3 0.290625 0.46484375 0.0765625 0.07421875
3 0.3421875 0.455078125 0.0609375 0.064453125
1 0.4796875 0.44140625 0.0203125 0.0625
3 0.5046875 0.431640625 0.053125 0.064453125
1 0.4 0.447265625 0.01875 0.0546875
3 0.715625 0.470703125 0.2828125 0.328125
3 0.878125 0.71484375 0.11875 0.275390625
3 0.665625 0.5 0.1203125 0.16015625
3 0.640625 0.484375 0.0828125 0.095703125
3 0.621875 0.470703125 0.05625 0.083984375
3 0.7984375 0.42578125 0.06875 0.046875
3 0.765625 0.43359375 0.0515625 0.05078125
3 0.665625 0.435546875 0.053125 0.03515625
3 0.821875 0.4296875 0.1359375 0.041015625
3 0.590625 0.4375 0.075 0.083984375
3 0.575 0.44140625 0.028125 0.0546875
3 0.40625 0.44921875 0.025 0.037109375
3 0.4015625 0.4375 0.0421875 0.041015625
3 0.446875 0.435546875 0.025 0.02734375
