18 0.734375 0.521484375 0.0296875 0.037109375
3 0.89375 0.603515625 0.1046875 0.1796875
3 0.0140625 0.44921875 0.25 0.306640625
3 0.21875 0.42578125 0.0453125 0.046875
3 0.2796875 0.447265625 0.0578125 0.05859375
3 0.30625 0.44140625 0.04375 0.04296875
3 0.003125 0.55078125 0.16875 0.380859375
3 0.5125 0.46484375 0.0609375 0.056640625
3 0.4984375 0.44921875 0.0578125 0.05859375
3 0.9546875 0.4921875 0.0421875 0.078125
1 0.790625 0.48828125 0.034375 0.07421875
1 0.753125 0.462890625 0.025 0.095703125
3 0.159375 0.423828125 0.04375 0.03125
3 0.4828125 0.44921875 0.0296875 0.041015625
3 0.471875 0.44921875 0.021875 0.037109375
