3 0.6171875 0.435546875 0.0359375 0.04296875
2 0.5921875 0.46484375 0.021875 0.029296875
3 0.5515625 0.427734375 0.040625 0.0390625
3 0.534375 0.427734375 0.025 0.033203125
1 0.521875 0.435546875 0.0171875 0.0546875
3 0.5125 0.421875 0.0234375 0.0234375
3 0.48125 0.423828125 0.0265625 0.03125
1 0.50625 0.443359375 0.0140625 0.046875
3 0.2796875 0.423828125 0.146875 0.1640625
3 0.265625 0.42578125 0.0234375 0.033203125
3 0.1125 0.4453125 0.1171875 0.099609375
2 0.09375 0.447265625 0.0234375 0.029296875
3 0.125 0.41015625 0.040625 0.0390625
3 0.0 0.37109375 0.09375 0.23046875
2 0.5640625 0.46484375 0.0234375 0.02734375
