3 0.4171875 0.421875 0.084375 0.09375
3 0.3359375 0.439453125 0.046875 0.044921875
3 0.2390625 0.43359375 0.0546875 0.056640625
3 0.959375 0.439453125 0.0390625 0.0546875
1 0.0796875 0.439453125 0.015625 0.03125
1 0.5234375 0.431640625 0.015625 0.03125
1 0.55625 0.43359375 0.0109375 0.02734375
3 0.3921875 0.439453125 0.0296875 0.029296875
3 0.31875 0.4453125 0.0203125 0.025390625
1 0.81875 0.443359375 0.01875 0.03515625
2 0.815625 0.4765625 0.025 0.02734375
1 0.6203125 0.427734375 0.0140625 0.0234375
