3 0.6828125 0.4765625 0.3078125 0.25390625
1 0.9078125 0.455078125 0.05 0.083984375
3 0.940625 0.453125 0.0515625 0.0859375
3 0.634375 0.46484375 0.10625 0.109375
3 0.5453125 0.453125 0.0296875 0.03125
3 0.45625 0.44921875 0.028125 0.037109375
3 0.4796875 0.455078125 0.021875 0.02734375
3 0.4265625 0.44140625 0.0359375 0.05078125
3 0.3796875 0.455078125 0.046875 0.0625
3 0.3125 0.44140625 0.084375 0.087890625
3 0.278125 0.458984375 0.0625 0.08984375
3 0.2515625 0.458984375 0.053125 0.091796875
3 0.1875 0.45703125 0.0828125 0.1171875
3 0.009375 0.46484375 0.2171875 0.150390625
1 0.63125 0.44921875 0.015625 0.05078125
3 0.6421875 0.4453125 0.0515625 0.041015625
3 0.7296875 0.44921875 0.0359375 0.04296875
1 0.575 0.447265625 0.0125 0.02734375
