1 0.0015625 0.447265625 0.04375 0.1484375
1 0.0296875 0.4453125 0.0296875 0.103515625
1 0.0578125 0.447265625 0.0375 0.1328125
1 0.3625 0.443359375 0.05 0.203125
1 0.58125 0.45703125 0.075 0.201171875
3 0.2703125 0.447265625 0.0859375 0.083984375
3 0.5578125 0.43359375 0.0515625 0.072265625
3 0.4375 0.43359375 0.0296875 0.033203125
3 0.403125 0.443359375 0.0234375 0.03515625
3 0.590625 0.41796875 0.046875 0.056640625
3 0.5421875 0.44140625 0.025 0.05078125
3 0.5234375 0.439453125 0.0234375 0.02734375
2 0.3671875 0.55078125 0.0359375 0.119140625
