1 0.634375 0.51953125 0.034375 0.078125
1 0.834375 0.466796875 0.0359375 0.046875
1 0.925 0.4453125 0.0359375 0.1015625
1 0.959375 0.453125 0.0375 0.103515625
1 0.1703125 0.474609375 0.028125 0.0859375
1 0.565625 0.474609375 0.0234375 0.06640625
3 0.4375 0.486328125 0.09375 0.08984375
3 0.1890625 0.45703125 0.078125 0.091796875
3 0.1234375 0.46875 0.05 0.095703125
3 0.0 0.45703125 0.1359375 0.130859375
1 0.3015625 0.46875 0.0125 0.03125
1 0.3125 0.46875 0.0125 0.044921875
1 0.690625 0.470703125 0.0203125 0.056640625
