1 0.4125 0.451171875 0.021875 0.0703125
1 0.4328125 0.44921875 0.021875 0.06640625
1 0.559375 0.43359375 0.040625 0.123046875
1 0.609375 0.4140625 0.059375 0.1875
3 0.9296875 0.447265625 0.06875 0.095703125
3 0.6546875 0.470703125 0.0953125 0.115234375
3 0.8515625 0.546875 0.146875 0.384765625
3 0.3734375 0.462890625 0.04375 0.064453125
3 0.2984375 0.453125 0.0765625 0.091796875
3 0.2046875 0.462890625 0.125 0.099609375
3 0.0015625 0.421875 0.1921875 0.208984375
3 0.5234375 0.458984375 0.040625 0.0390625
3 0.44375 0.453125 0.0265625 0.037109375
1 0.58125 0.4453125 0.021875 0.09765625
