2 0.084375 0.572265625 0.08125 0.15625
2 0.5296875 0.546875 0.025 0.1015625
1 0.6125 0.47265625 0.0484375 0.16796875
1 0.5203125 0.44921875 0.0515625 0.169921875
1 0.1 0.49609375 0.059375 0.18359375
3 0.68125 0.466796875 0.2546875 0.23046875
3 0.6671875 0.44140625 0.08125 0.064453125
3 0.7921875 0.4453125 0.1265625 0.037109375
3 0.1546875 0.466796875 0.121875 0.13671875
3 0.246875 0.453125 0.0859375 0.109375
3 0.3125 0.462890625 0.05 0.072265625
3 0.3140625 0.4375 0.075 0.08203125
3 0.409375 0.44140625 0.0375 0.041015625
1 0.646875 0.4296875 0.01875 0.0390625
1 0.4765625 0.42578125 0.015625 0.05078125
1 0.465625 0.427734375 0.0140625 0.04296875
1 0.453125 0.4296875 0.015625 0.046875
3 0.6015625 0.4609375 0.0765625 0.06640625
3 0.946875 0.484375 0.05 0.138671875
3 0.915625 0.427734375 0.08125 0.076171875
