1 0.753125 0.462890625 0.040625 0.12890625
2 0.759375 0.529296875 0.0296875 0.078125
1 0.63125 0.458984375 0.0328125 0.0703125
2 0.6328125 0.517578125 0.0203125 0.041015625
2 0.609375 0.509765625 0.0203125 0.03515625
1 0.6078125 0.466796875 0.0203125 0.05859375
1 0.5734375 0.46484375 0.025 0.056640625
2 0.575 0.501953125 0.0203125 0.037109375
3 0.7078125 0.439453125 0.0453125 0.134765625
3 0.790625 0.427734375 0.059375 0.1640625
3 0.0296875 0.42578125 0.103125 0.091796875
1 0.5546875 0.47265625 0.0234375 0.037109375
1 0.546875 0.46875 0.01875 0.0390625
1 0.53125 0.46875 0.021875 0.0390625
2 0.55625 0.501953125 0.0203125 0.029296875
2 0.55 0.50390625 0.0140625 0.02734375
2 0.534375 0.498046875 0.015625 0.025390625
