3 0.85625 0.380859375 0.090625 0.09375
3 0.7578125 0.404296875 0.05 0.078125
1 0.68125 0.40625 0.025 0.09765625
1 0.66875 0.416015625 0.0171875 0.08984375
1 0.6453125 0.41796875 0.028125 0.1015625
1 0.628125 0.412109375 0.0171875 0.103515625
1 0.6 0.431640625 0.0171875 0.091796875
1 0.5890625 0.41015625 0.0140625 0.07421875
1 0.55 0.42578125 0.0203125 0.07421875
1 0.54375 0.427734375 0.0109375 0.05078125
3 0.4390625 0.44921875 0.028125 0.025390625
3 0.4375 0.44140625 0.015625 0.01953125
3 0.421875 0.4453125 0.009375 0.015625
3 0.4 0.447265625 0.0125 0.017578125
3 0.3765625 0.44921875 0.0109375 0.01953125
3 0.36875 0.453125 0.0109375 0.01953125
3 0.3578125 0.44921875 0.0125 0.0234375
3 0.3453125 0.45703125 0.0140625 0.021484375
3 0.30625 0.447265625 0.046875 0.04296875
3 0.2953125 0.443359375 0.01875 0.037109375
1 0.0921875 0.447265625 0.01875 0.068359375
