1 0.9203125 0.396484375 0.0265625 0.220703125
1 0.8984375 0.40234375 0.0265625 0.193359375
1 0.84375 0.41015625 0.0265625 0.21484375
1 0.7859375 0.38671875 0.0578125 0.216796875
1 0.665625 0.41015625 0.028125 0.103515625
1 0.6046875 0.4453125 0.025 0.083984375
1 0.5828125 0.42578125 0.0234375 0.103515625
1 0.5671875 0.427734375 0.01875 0.09375
3 0.4375 0.455078125 0.028125 0.029296875
3 0.4375 0.447265625 0.0109375 0.01953125
3 0.41875 0.447265625 0.009375 0.01953125
3 0.3953125 0.455078125 0.0109375 0.01953125
3 0.3671875 0.45703125 0.0109375 0.01953125
3 0.35625 0.458984375 0.015625 0.015625
3 0.3453125 0.4609375 0.015625 0.01953125
3 0.3375 0.46484375 0.0109375 0.01953125
3 0.325 0.46484375 0.0140625 0.0234375
3 0.309375 0.462890625 0.0171875 0.029296875
3 0.2890625 0.447265625 0.021875 0.044921875
3 0.21875 0.451171875 0.084375 0.07421875
1 0.9671875 0.359375 0.03125 0.248046875
