1 0.1734375 0.4296875 0.0296875 0.09375
1 0.1484375 0.431640625 0.034375 0.10546875
1 0.125 0.435546875 0.0234375 0.072265625
1 0.1015625 0.4453125 0.028125 0.052734375
1 0.54375 0.439453125 0.0265625 0.09375
1 0.515625 0.439453125 0.0234375 0.076171875
1 0.4984375 0.44140625 0.0203125 0.072265625
1 0.59375 0.447265625 0.0234375 0.04296875
1 0.725 0.4453125 0.0234375 0.091796875
3 0.0 0.4609375 0.1515625 0.1640625
3 0.1796875 0.435546875 0.2625 0.17578125
3 0.4265625 0.458984375 0.078125 0.076171875
3 0.596875 0.458984375 0.1015625 0.068359375
3 0.9484375 0.470703125 0.04375 0.03515625
1 0.040625 0.431640625 0.03125 0.037109375
1 0.015625 0.427734375 0.0265625 0.033203125
