1 0.565625 0.45703125 0.090625 0.234375
1 0.4203125 0.4453125 0.0546875 0.216796875
1 0.3671875 0.4375 0.03125 0.072265625
1 0.2765625 0.4609375 0.028125 0.107421875
2 0.371875 0.490234375 0.025 0.046875
2 0.4328125 0.57421875 0.0296875 0.12109375
3 0.740625 0.48828125 0.2578125 0.435546875
3 0.6640625 0.505859375 0.15625 0.18359375
3 0.6484375 0.474609375 0.103125 0.091796875
3 0.3 0.458984375 0.0484375 0.08203125
3 0.2328125 0.455078125 0.059375 0.1171875
3 0.0625 0.45703125 0.1828125 0.1796875
3 0.0015625 0.52734375 0.1140625 0.21484375
3 0.7203125 0.43359375 0.0734375 0.0390625
3 0.6984375 0.423828125 0.0828125 0.044921875
3 0.5953125 0.431640625 0.0703125 0.029296875
3 0.3484375 0.443359375 0.025 0.0703125
3 0.39375 0.4453125 0.0234375 0.041015625
3 0.453125 0.4296875 0.025 0.03125
3 0.5546875 0.44140625 0.046875 0.064453125
3 0.5453125 0.435546875 0.0453125 0.056640625
3 0.5296875 0.4375 0.0296875 0.037109375
