3 0.5875 0.453125 0.1015625 0.083984375
3 0.4703125 0.435546875 0.0984375 0.08203125
3 0.428125 0.478515625 0.0203125 0.017578125
3 0.3921875 0.474609375 0.025 0.0234375
3 0.371875 0.46875 0.0234375 0.029296875
3 0.3546875 0.462890625 0.01875 0.0390625
3 0.3125 0.45703125 0.0453125 0.046875
1 0.2234375 0.45703125 0.01875 0.05078125
1 0.1890625 0.45703125 0.021875 0.052734375
1 0.175 0.46875 0.0203125 0.037109375
1 0.140625 0.47265625 0.0203125 0.033203125
1 0.1171875 0.462890625 0.01875 0.044921875
