3 0.7390625 0.43359375 0.2578125 0.26171875
3 0.5828125 0.4375 0.0953125 0.103515625
3 0.5390625 0.4453125 0.0328125 0.037109375
1 0.525 0.439453125 0.0125 0.03515625
2 0.2671875 0.5 0.0296875 0.041015625
1 0.271875 0.4453125 0.028125 0.072265625
1 0.1546875 0.453125 0.0109375 0.044921875
3 0.465625 0.443359375 0.0234375 0.03125
3 0.4515625 0.435546875 0.0203125 0.025390625
3 0.43125 0.4453125 0.0203125 0.03515625
3 0.4234375 0.453125 0.01875 0.033203125
3 0.4078125 0.453125 0.0203125 0.03515625
3 0.365625 0.4453125 0.0453125 0.0546875
