1 0.6703125 0.373046875 0.046875 0.1328125
1 0.6390625 0.37109375 0.0375 0.130859375
1 0.31875 0.349609375 0.03125 0.109375
3 0.7625 0.41015625 0.234375 0.1953125
3 0.35 0.376953125 0.03125 0.0625
3 0.0390625 0.34375 0.0765625 0.095703125
3 0.13125 0.361328125 0.078125 0.072265625
3 0.0046875 0.33984375 0.059375 0.1015625
3 0.1640625 0.36328125 0.146875 0.115234375
3 0.36875 0.375 0.0265625 0.05859375
3 0.3828125 0.375 0.034375 0.05859375
3 0.4171875 0.376953125 0.0265625 0.05078125
3 0.440625 0.380859375 0.01875 0.0390625
3 0.446875 0.375 0.028125 0.0390625
3 0.6125 0.369140625 0.0453125 0.107421875
3 0.5953125 0.375 0.0296875 0.078125
3 0.5828125 0.392578125 0.025 0.05078125
3 0.575 0.375 0.034375 0.056640625
