2 0.55625 0.48046875 0.0375 0.13671875
2 0.44375 0.484375 0.028125 0.12109375
2 0.375 0.46875 0.01875 0.0625
2 0.7640625 0.484375 0.0375 0.076171875
1 0.9515625 0.40625 0.03125 0.052734375
1 0.415625 0.42578125 0.021875 0.099609375
3 0.0 0.427734375 0.1203125 0.16015625
3 0.1171875 0.4296875 0.0734375 0.109375
3 0.309375 0.439453125 0.053125 0.046875
1 0.2046875 0.443359375 0.0125 0.04296875
1 0.8375 0.412109375 0.01875 0.03125
2 0.725 0.453125 0.0421875 0.107421875
2 0.690625 0.44921875 0.0328125 0.115234375
2 0.653125 0.462890625 0.034375 0.103515625
1 0.6234375 0.431640625 0.0234375 0.0390625
2 0.6265625 0.46875 0.0265625 0.064453125
2 0.603125 0.4609375 0.021875 0.064453125
1 0.546875 0.349609375 0.059375 0.134765625
1 0.4390625 0.373046875 0.0421875 0.1171875
1 0.3703125 0.412109375 0.0296875 0.060546875
