1 0.6375 0.392578125 0.0375 0.123046875
3 0.5453125 0.392578125 0.096875 0.12890625
3 0.521875 0.41796875 0.0296875 0.072265625
3 0.4765625 0.431640625 0.05625 0.060546875
3 0.4375 0.4296875 0.053125 0.05859375
3 0.4015625 0.427734375 0.053125 0.05859375
3 0.3203125 0.416015625 0.0703125 0.072265625
3 0.2578125 0.435546875 0.046875 0.041015625
3 0.215625 0.4453125 0.04375 0.037109375
3 0.1140625 0.44140625 0.0375 0.07421875
3 0.021875 0.4375 0.10625 0.103515625
3 0.1515625 0.4453125 0.0203125 0.05859375
