1 0.6171875 0.41796875 0.028125 0.095703125
1 0.840625 0.384765625 0.0671875 0.21875
1 0.9046875 0.380859375 0.0703125 0.203125
3 0.9734375 0.447265625 0.025 0.103515625
3 0.7796875 0.42578125 0.053125 0.08203125
3 0.4375 0.44921875 0.1296875 0.130859375
3 0.703125 0.427734375 0.040625 0.0546875
1 0.5890625 0.43359375 0.025 0.0546875
1 0.56875 0.42578125 0.028125 0.064453125
3 0.296875 0.458984375 0.028125 0.0390625
3 0.25 0.4609375 0.040625 0.033203125
1 0.1171875 0.470703125 0.021875 0.03515625
1 0.0984375 0.46875 0.028125 0.056640625
3 0.4328125 0.447265625 0.034375 0.03125
1 0.6546875 0.416015625 0.0203125 0.041015625
1 0.671875 0.4140625 0.015625 0.029296875
