1 0.0578125 0.392578125 0.0703125 0.20703125
1 0.35 0.41796875 0.028125 0.115234375
1 0.48125 0.416015625 0.0546875 0.18359375
3 0.375 0.435546875 0.103125 0.09375
3 0.5171875 0.43359375 0.0921875 0.0390625
3 0.521875 0.453125 0.0953125 0.126953125
3 0.596875 0.412109375 0.128125 0.1796875
3 0.6515625 0.41796875 0.1328125 0.189453125
3 0.7375 0.38671875 0.1375 0.26953125
3 0.8296875 0.224609375 0.1671875 0.51953125
1 0.153125 0.435546875 0.03125 0.05078125
1 0.1921875 0.4375 0.0296875 0.044921875
2 0.196875 0.462890625 0.0234375 0.04296875
2 0.1578125 0.458984375 0.0234375 0.044921875
3 0.3078125 0.443359375 0.040625 0.06640625
3 0.278125 0.447265625 0.0296875 0.0546875
3 0.0 0.41015625 0.0578125 0.166015625
