1 0.203125 0.439453125 0.0421875 0.126953125
1 0.24375 0.435546875 0.03125 0.126953125
1 0.5234375 0.42578125 0.0265625 0.1171875
1 0.5453125 0.44140625 0.0375 0.12890625
3 0.8046875 0.4296875 0.1921875 0.5078125
3 0.5875 0.427734375 0.128125 0.1484375
3 0.703125 0.439453125 0.0515625 0.083984375
3 0.4796875 0.453125 0.0265625 0.02734375
3 0.321875 0.4375 0.121875 0.09765625
3 0.2921875 0.435546875 0.0609375 0.08984375
3 0.2625 0.423828125 0.0375 0.107421875
3 0.0921875 0.458984375 0.1234375 0.1171875
3 0.5828125 0.439453125 0.0296875 0.107421875
3 0.0 0.443359375 0.059375 0.078125
3 0.0015625 0.41796875 0.0796875 0.08203125
3 0.1234375 0.44140625 0.065625 0.041015625
