3 0.340625 0.453125 0.071875 0.068359375
3 0.775 0.427734375 0.0671875 0.072265625
3 0.8484375 0.37890625 0.15 0.146484375
3 0.9046875 0.427734375 0.0921875 0.125
1 0.696875 0.4140625 0.040625 0.115234375
1 0.659375 0.416015625 0.0375 0.115234375
1 0.0578125 0.45703125 0.025 0.029296875
1 0.1140625 0.470703125 0.021875 0.037109375
3 0.3984375 0.4453125 0.0265625 0.029296875
3 0.4328125 0.443359375 0.0453125 0.03125
1 0.590625 0.427734375 0.0234375 0.064453125
1 0.61875 0.41796875 0.0203125 0.060546875
3 0.634375 0.431640625 0.0234375 0.03125
