3 0.7921875 0.416015625 0.20625 0.48046875
3 0.625 0.37890625 0.29375 0.310546875
3 0.5453125 0.421875 0.1390625 0.1640625
3 0.5125 0.423828125 0.08125 0.134765625
3 0.3765625 0.43359375 0.046875 0.041015625
3 0.353125 0.41015625 0.0203125 0.025390625
3 0.3453125 0.41796875 0.0171875 0.021484375
3 0.340625 0.423828125 0.015625 0.01953125
3 0.3234375 0.43359375 0.0296875 0.03515625
1 0.175 0.4375 0.01875 0.04296875
3 0.1765625 0.435546875 0.1328125 0.13671875
3 0.0 0.44140625 0.0953125 0.185546875
