3 0.675 0.43359375 0.134375 0.087890625
3 0.5640625 0.47265625 0.1 0.09375
3 0.5828125 0.484375 0.128125 0.12890625
3 0.615625 0.51171875 0.259375 0.21484375
3 0.325 0.4453125 0.0375 0.044921875
3 0.309375 0.44140625 0.0265625 0.03515625
3 0.1484375 0.45703125 0.0734375 0.05859375
3 0.0984375 0.453125 0.0703125 0.044921875
3 0.0703125 0.48828125 0.1265625 0.125
3 0.0 0.501953125 0.11875 0.103515625
3 0.0015625 0.5625 0.1625 0.341796875
1 0.365625 0.4453125 0.0234375 0.05078125
1 0.25 0.44140625 0.01875 0.044921875
1 0.2421875 0.439453125 0.01875 0.046875
1 0.5546875 0.43359375 0.021875 0.044921875
2 0.84375 0.494140625 0.034375 0.04296875
2 0.7953125 0.486328125 0.0359375 0.052734375
2 0.3703125 0.46875 0.0140625 0.0390625
3 0.275 0.439453125 0.034375 0.0390625
