3 0.0015625 0.5 0.1984375 0.197265625
3 0.1328125 0.46875 0.13125 0.13671875
3 0.259375 0.466796875 0.084375 0.08203125
3 0.5890625 0.458984375 0.08125 0.076171875
3 0.634375 0.494140625 0.1171875 0.130859375
3 0.7 0.51171875 0.1625 0.1796875
3 0.7796875 0.5234375 0.21875 0.369140625
3 0.3375 0.435546875 0.0359375 0.0390625
3 0.3640625 0.447265625 0.0484375 0.05078125
3 0.3890625 0.439453125 0.0328125 0.046875
3 0.06875 0.4453125 0.0921875 0.06640625
3 0.0 0.4609375 0.0578125 0.052734375
3 0.5734375 0.458984375 0.0359375 0.052734375
3 0.5546875 0.453125 0.0359375 0.046875
3 0.54375 0.4375 0.04375 0.046875
3 0.4921875 0.421875 0.01875 0.0234375
1 0.421875 0.4296875 0.0140625 0.03125
1 0.4484375 0.42578125 0.0109375 0.0390625
