3 0.79375 0.44140625 0.0546875 0.0859375
3 0.7453125 0.45703125 0.03125 0.0703125
3 0.7140625 0.41796875 0.0609375 0.08984375
3 0.415625 0.443359375 0.06875 0.044921875
1 0.61875 0.439453125 0.0578125 0.1796875
1 0.5453125 0.44140625 0.0328125 0.125
1 0.51875 0.435546875 0.028125 0.09375
3 0.2734375 0.447265625 0.0203125 0.052734375
3 0.1421875 0.412109375 0.121875 0.091796875
3 0.04375 0.40234375 0.1171875 0.068359375
3 0.4765625 0.4453125 0.028125 0.046875
3 0.575 0.447265625 0.0234375 0.03125
3 0.6515625 0.439453125 0.0453125 0.064453125
