3 0.54375 0.4296875 0.05625 0.068359375
2 0.559375 0.455078125 0.06875 0.056640625
1 0.290625 0.443359375 0.04375 0.125
2 0.2828125 0.51171875 0.0671875 0.064453125
1 0.203125 0.423828125 0.0265625 0.05859375
1 0.728125 0.421875 0.028125 0.09765625
1 0.75625 0.431640625 0.025 0.041015625
1 0.7765625 0.421875 0.0296875 0.05078125
3 0.4796875 0.5078125 0.3859375 0.443359375
3 0.4953125 0.423828125 0.0328125 0.025390625
1 0.646875 0.4296875 0.0234375 0.041015625
1 0.978125 0.427734375 0.0203125 0.107421875
1 0.809375 0.4453125 0.0234375 0.029296875
3 0.528125 0.43359375 0.0265625 0.044921875
3 0.428125 0.416015625 0.0234375 0.02734375
