2 0.8140625 0.509765625 0.1125 0.212890625
2 0.5578125 0.466796875 0.0390625 0.125
2 0.40625 0.478515625 0.0296875 0.130859375
2 0.4703125 0.453125 0.0125 0.0390625
1 0.61875 0.400390625 0.021875 0.08984375
1 0.80625 0.3203125 0.115625 0.3203125
1 0.5546875 0.349609375 0.053125 0.205078125
1 0.4703125 0.41015625 0.01875 0.04296875
1 0.4 0.361328125 0.053125 0.236328125
3 0.3828125 0.435546875 0.021875 0.03125
3 0.35625 0.4375 0.0234375 0.029296875
2 0.18125 0.44921875 0.03125 0.052734375
2 0.171875 0.44140625 0.025 0.041015625
2 0.225 0.453125 0.0234375 0.041015625
