3 0.0671875 0.447265625 0.234375 0.162109375
3 0.44375 0.443359375 0.0328125 0.033203125
3 0.4796875 0.447265625 0.034375 0.03125
1 0.60625 0.431640625 0.03125 0.10546875
3 0.5046875 0.447265625 0.021875 0.0234375
3 0.1640625 0.423828125 0.1 0.02734375
3 0.2734375 0.455078125 0.0515625 0.05859375
1 0.6328125 0.439453125 0.0140625 0.05859375
1 0.653125 0.443359375 0.0171875 0.05859375
1 0.6453125 0.439453125 0.0125 0.060546875
1 0.7265625 0.458984375 0.0296875 0.04296875
1 0.3953125 0.44140625 0.0140625 0.03515625
1 0.3734375 0.43359375 0.0203125 0.044921875
1 0.359375 0.435546875 0.0203125 0.044921875
2 0.6125 0.48828125 0.01875 0.0625
