3 0.728125 0.37890625 0.2703125 0.32421875
3 0.55625 0.458984375 0.075 0.07421875
3 0.4421875 0.443359375 0.0859375 0.07421875
3 0.4203125 0.48046875 0.0203125 0.025390625
3 0.3921875 0.48046875 0.0265625 0.0234375
3 0.3703125 0.478515625 0.0234375 0.025390625
3 0.3234375 0.4609375 0.04375 0.044921875
1 0.2328125 0.458984375 0.0203125 0.044921875
1 0.215625 0.462890625 0.01875 0.044921875
1 0.1984375 0.470703125 0.0203125 0.037109375
1 0.171875 0.47265625 0.0203125 0.03515625
1 0.1484375 0.47265625 0.01875 0.037109375
3 0.0 0.458984375 0.15 0.173828125
