18 0.790625 0.564453125 0.040625 0.064453125
1 0.6921875 0.455078125 0.065625 0.162109375
3 0.4796875 0.470703125 0.1171875 0.1171875
3 0.465625 0.44921875 0.0859375 0.09765625
3 0.246875 0.42578125 0.046875 0.0625
3 0.2 0.43359375 0.0546875 0.07421875
3 0.1578125 0.44921875 0.071875 0.076171875
3 0.046875 0.458984375 0.1171875 0.109375
2 0.0 0.623046875 0.046875 0.087890625
1 0.0015625 0.474609375 0.0453125 0.1875
3 0.04375 0.423828125 0.078125 0.052734375
1 0.3296875 0.43359375 0.0203125 0.033203125
3 0.2953125 0.439453125 0.021875 0.03515625
3 0.4265625 0.447265625 0.034375 0.0390625
3 0.44375 0.447265625 0.040625 0.0625
