3 0.0 0.5 0.1578125 0.203125
3 0.08125 0.462890625 0.14375 0.14453125
3 0.2078125 0.46875 0.0609375 0.091796875
3 0.225 0.4296875 0.0859375 0.064453125
3 0.30625 0.439453125 0.059375 0.060546875
3 0.35625 0.4375 0.0359375 0.037109375
3 0.475 0.416015625 0.03125 0.029296875
3 0.690625 0.4296875 0.078125 0.06640625
3 0.7203125 0.443359375 0.1421875 0.0859375
3 0.815625 0.46484375 0.18125 0.119140625
3 0.0 0.447265625 0.0703125 0.060546875
3 0.8625 0.423828125 0.0609375 0.041015625
3 0.5828125 0.42578125 0.025 0.03515625
1 0.5125 0.421875 0.021875 0.0546875
