3 0.703125 0.396484375 0.2546875 0.21875
3 0.6171875 0.46484375 0.0875 0.083984375
3 0.5828125 0.462890625 0.0484375 0.0625
3 0.5140625 0.45703125 0.0421875 0.04296875
3 0.4984375 0.462890625 0.0234375 0.025390625
3 0.45625 0.46484375 0.025 0.02734375
3 0.396875 0.4609375 0.025 0.025390625
3 0.3828125 0.46484375 0.0265625 0.02734375
3 0.3703125 0.466796875 0.025 0.0234375
3 0.3453125 0.45703125 0.0296875 0.03515625
3 0.3203125 0.466796875 0.03125 0.029296875
3 0.2078125 0.44140625 0.090625 0.083984375
