3 0.0 0.443359375 0.103125 0.140625
3 0.0 0.42578125 0.13125 0.099609375
3 0.3875 0.44921875 0.0375 0.0546875
3 0.415625 0.4375 0.06875 0.0625
3 0.43125 0.455078125 0.0578125 0.05859375
3 0.471875 0.435546875 0.0828125 0.083984375
3 0.4953125 0.4453125 0.0734375 0.068359375
3 0.5265625 0.462890625 0.0453125 0.07421875
3 0.559375 0.41796875 0.13125 0.130859375
3 0.6078125 0.4453125 0.0734375 0.1171875
3 0.6640625 0.40234375 0.1625 0.16796875
3 0.71875 0.443359375 0.1015625 0.15234375
3 0.8625 0.427734375 0.1359375 0.197265625
3 0.9515625 0.505859375 0.046875 0.1796875
1 0.8 0.341796875 0.1046875 0.35546875
3 0.3390625 0.45703125 0.0421875 0.041015625
3 0.3203125 0.455078125 0.04375 0.041015625
3 0.2625 0.4609375 0.0265625 0.029296875
3 0.1125 0.44140625 0.0515625 0.07421875
