1 0.55625 0.4296875 0.01875 0.052734375
1 0.5421875 0.43359375 0.01875 0.05859375
1 0.675 0.45703125 0.0484375 0.12890625
1 0.7921875 0.5 0.078125 0.193359375
2 0.7953125 0.61328125 0.0625 0.138671875
1 0.8375 0.443359375 0.028125 0.0546875
1 0.8015625 0.453125 0.034375 0.046875
1 0.1515625 0.4375 0.0265625 0.0703125
1 0.134375 0.4375 0.0234375 0.0703125
3 0.85625 0.515625 0.1421875 0.181640625
3 0.4375 0.4453125 0.0515625 0.0390625
3 0.4015625 0.4375 0.0546875 0.037109375
3 0.578125 0.45703125 0.0875 0.0625
3 0.8875 0.455078125 0.109375 0.0625
3 0.73125 0.498046875 0.1375 0.115234375
3 0.696875 0.4609375 0.1 0.123046875
3 0.30625 0.427734375 0.0359375 0.037109375
1 0.365625 0.435546875 0.0125 0.03515625
1 0.353125 0.435546875 0.015625 0.03515625
3 0.4765625 0.443359375 0.0609375 0.0546875
2 0.690625 0.5234375 0.025 0.0859375
2 0.06875 0.53125 0.0359375 0.0546875
