3 0.7015625 0.525390625 0.1078125 0.12109375
3 0.4875 0.517578125 0.0796875 0.078125
3 0.2890625 0.484375 0.04375 0.05078125
3 0.2328125 0.478515625 0.0546875 0.0703125
3 0.103125 0.478515625 0.1296875 0.10546875
3 0.1203125 0.51171875 0.1546875 0.130859375
1 0.7234375 0.484375 0.0171875 0.044921875
3 0.4734375 0.486328125 0.0546875 0.072265625
3 0.453125 0.501953125 0.025 0.041015625
3 0.396875 0.4921875 0.021875 0.0234375
1 0.809375 0.48046875 0.0234375 0.044921875
1 0.7953125 0.4765625 0.021875 0.052734375
1 0.765625 0.484375 0.025 0.044921875
3 0.809375 0.529296875 0.165625 0.060546875
3 0.859375 0.49609375 0.0578125 0.05859375
