2 0.75 0.515625 0.065625 0.09375
1 0.0 0.4140625 0.025 0.14453125
1 0.153125 0.439453125 0.0234375 0.08203125
1 0.1734375 0.43359375 0.021875 0.087890625
3 0.5671875 0.45703125 0.040625 0.044921875
3 0.3625 0.4453125 0.0515625 0.0625
1 0.478125 0.453125 0.015625 0.041015625
1 0.45625 0.453125 0.015625 0.0390625
3 0.4078125 0.4609375 0.0234375 0.0390625
3 0.4234375 0.4609375 0.01875 0.033203125
3 0.43125 0.458984375 0.01875 0.033203125
1 0.50625 0.45703125 0.0109375 0.02734375
2 0.8875 0.591796875 0.040625 0.068359375
3 0.9421875 0.458984375 0.05625 0.095703125
1 0.209375 0.4453125 0.028125 0.060546875
