3 0.76875 0.38671875 0.2296875 0.47265625
3 0.6421875 0.416015625 0.1484375 0.158203125
3 0.603125 0.44921875 0.059375 0.08203125
3 0.5734375 0.4296875 0.05 0.05859375
1 0.5421875 0.390625 0.0125 0.037109375
3 0.540625 0.373046875 0.0265625 0.025390625
3 0.4640625 0.376953125 0.025 0.025390625
3 0.490625 0.443359375 0.065625 0.072265625
3 0.4125 0.41796875 0.0375 0.044921875
3 0.375 0.4453125 0.046875 0.0546875
3 0.2953125 0.46484375 0.0953125 0.0859375
3 0.06875 0.423828125 0.2171875 0.19140625
