3 0.5125 0.435546875 0.075 0.0859375
3 0.1453125 0.4375 0.0625 0.0859375
3 0.0015625 0.443359375 0.084375 0.119140625
1 0.7015625 0.4140625 0.0984375 0.220703125
1 0.2015625 0.416015625 0.0734375 0.185546875
1 0.10625 0.421875 0.053125 0.134765625
1 0.3 0.435546875 0.0328125 0.07421875
2 0.740625 0.51953125 0.09375 0.14453125
2 0.61875 0.52734375 0.103125 0.13671875
2 0.234375 0.51171875 0.0546875 0.123046875
2 0.1796875 0.53515625 0.046875 0.08984375
2 0.1265625 0.486328125 0.0234375 0.08984375
2 0.303125 0.478515625 0.028125 0.052734375
3 0.4953125 0.458984375 0.021875 0.046875
3 0.4828125 0.44921875 0.0328125 0.044921875
3 0.3765625 0.458984375 0.03125 0.03125
1 0.2546875 0.427734375 0.0296875 0.076171875
