1 0.9890625 0.400390625 0.009375 0.099609375
1 0.9375 0.396484375 0.0265625 0.1171875
1 0.9078125 0.41015625 0.0296875 0.1015625
1 0.878125 0.392578125 0.0125 0.03515625
1 0.85625 0.400390625 0.0125 0.025390625
1 0.8203125 0.412109375 0.0140625 0.02734375
1 0.771875 0.412109375 0.0109375 0.037109375
3 0.5921875 0.443359375 0.203125 0.154296875
3 0.5484375 0.4296875 0.1296875 0.12109375
3 0.5234375 0.427734375 0.0515625 0.087890625
3 0.5078125 0.435546875 0.0265625 0.05078125
3 0.4765625 0.4375 0.0296875 0.0390625
3 0.4234375 0.43359375 0.05 0.060546875
3 0.384375 0.439453125 0.028125 0.033203125
3 0.359375 0.4375 0.0265625 0.03515625
3 0.325 0.44140625 0.034375 0.0390625
3 0.30625 0.443359375 0.025 0.05078125
3 0.28125 0.443359375 0.0296875 0.05859375
3 0.2453125 0.455078125 0.04375 0.064453125
3 0.196875 0.4296875 0.0578125 0.11328125
3 0.1484375 0.435546875 0.05 0.033203125
3 0.0390625 0.46484375 0.1609375 0.12109375
3 0.0 0.43359375 0.040625 0.185546875
