1 0.6953125 0.48046875 0.03125 0.078125
1 0.7265625 0.478515625 0.0234375 0.052734375
1 0.921875 0.49609375 0.025 0.044921875
1 0.90625 0.498046875 0.01875 0.037109375
1 0.8828125 0.494140625 0.0265625 0.04296875
1 0.8515625 0.486328125 0.025 0.0546875
1 0.8390625 0.490234375 0.01875 0.052734375
1 0.7796875 0.4921875 0.0296875 0.03515625
3 0.0296875 0.474609375 0.0734375 0.07421875
3 0.0 0.484375 0.059375 0.07421875
3 0.2046875 0.435546875 0.2109375 0.1953125
3 0.1984375 0.521484375 0.028125 0.033203125
