3 0.0 0.48828125 0.034375 0.11328125
3 0.0328125 0.45703125 0.2078125 0.11328125
3 0.2421875 0.45703125 0.1578125 0.078125
3 0.4625 0.4375 0.0796875 0.0625
3 0.8140625 0.4375 0.0828125 0.044921875
3 0.890625 0.4375 0.06875 0.04296875
1 0.7296875 0.42578125 0.0234375 0.05859375
1 0.70625 0.42578125 0.025 0.064453125
1 0.6671875 0.431640625 0.0234375 0.06640625
1 0.4453125 0.4375 0.025 0.078125
1 0.4125 0.431640625 0.025 0.0859375
1 0.3953125 0.4296875 0.021875 0.083984375
1 0.3578125 0.4296875 0.0265625 0.03515625
1 0.34375 0.427734375 0.025 0.03515625
1 0.10625 0.4296875 0.0296875 0.03515625
1 0.95 0.4296875 0.01875 0.044921875
1 0.871875 0.42578125 0.0203125 0.02734375
