1 0.2453125 0.47265625 0.0421875 0.130859375
2 0.25 0.5390625 0.0265625 0.078125
3 0.3515625 0.45703125 0.0515625 0.046875
3 0.403125 0.4453125 0.04375 0.037109375
3 0.4921875 0.431640625 0.0265625 0.02734375
3 0.603125 0.466796875 0.0375 0.064453125
3 0.615625 0.466796875 0.0546875 0.095703125
3 0.6328125 0.47265625 0.0625 0.115234375
3 0.66875 0.46484375 0.1671875 0.185546875
3 0.0 0.47265625 0.034375 0.107421875
3 0.0890625 0.453125 0.046875 0.08984375
3 0.2578125 0.44921875 0.0671875 0.05859375
3 0.2671875 0.439453125 0.0734375 0.05078125
3 0.4453125 0.43359375 0.028125 0.02734375
3 0.5890625 0.45703125 0.034375 0.06640625
3 0.5640625 0.44921875 0.0296875 0.04296875
3 0.55 0.43359375 0.03125 0.04296875
3 0.2078125 0.435546875 0.053125 0.0625
