3 0.8890625 0.44921875 0.1078125 0.203125
3 0.7078125 0.41796875 0.215625 0.181640625
3 0.6390625 0.447265625 0.0953125 0.095703125
3 0.603125 0.453125 0.05 0.072265625
3 0.5796875 0.453125 0.0359375 0.060546875
3 0.5546875 0.455078125 0.034375 0.046875
3 0.534375 0.4609375 0.0234375 0.03515625
3 0.4921875 0.46875 0.01875 0.0234375
3 0.465625 0.466796875 0.0203125 0.0234375
3 0.4484375 0.470703125 0.0203125 0.0234375
3 0.4265625 0.470703125 0.0203125 0.025390625
1 0.2796875 0.44921875 0.015625 0.052734375
1 0.25 0.4453125 0.0203125 0.064453125
