3 0.7578125 0.40234375 0.240625 0.23046875
3 0.5421875 0.43359375 0.0453125 0.099609375
3 0.5203125 0.45703125 0.025 0.068359375
1 0.5 0.4375 0.021875 0.0859375
1 0.478125 0.44140625 0.0234375 0.083984375
3 0.35 0.40625 0.121875 0.154296875
3 0.2984375 0.43359375 0.0640625 0.05859375
3 0.0 0.376953125 0.15 0.234375
18 0.50625 0.498046875 0.015625 0.02734375
3 0.23125 0.4453125 0.1125 0.087890625
3 0.128125 0.412109375 0.121875 0.1328125
3 0.1453125 0.447265625 0.0734375 0.126953125
3 0.5828125 0.408203125 0.1625 0.146484375
3 0.634375 0.4296875 0.1609375 0.13671875
3 0.678125 0.431640625 0.11875 0.166015625
