3 0.003125 0.60546875 0.1234375 0.296875
3 0.0046875 0.517578125 0.184375 0.16796875
3 0.16875 0.51953125 0.0734375 0.1171875
3 0.225 0.515625 0.0921875 0.087890625
3 0.3375 0.521484375 0.0453125 0.037109375
3 0.5515625 0.517578125 0.075 0.087890625
3 0.56875 0.53125 0.0546875 0.0859375
3 0.5890625 0.55078125 0.115625 0.119140625
1 0.9390625 0.486328125 0.0234375 0.0703125
3 0.3828125 0.5234375 0.028125 0.03125
3 0.53125 0.525390625 0.0359375 0.044921875
3 0.521875 0.529296875 0.0234375 0.037109375
3 0.46875 0.51171875 0.0203125 0.0234375
