3 0.9390625 0.439453125 0.059375 0.064453125
3 0.9 0.408203125 0.0359375 0.091796875
1 0.86875 0.390625 0.034375 0.15625
3 0.8265625 0.40234375 0.040625 0.0859375
1 0.753125 0.392578125 0.025 0.103515625
1 0.73125 0.390625 0.0265625 0.107421875
1 0.6546875 0.38671875 0.0203125 0.05859375
1 0.634375 0.3828125 0.01875 0.06640625
1 0.6203125 0.384765625 0.0203125 0.064453125
1 0.6015625 0.390625 0.0203125 0.06640625
1 0.59375 0.40234375 0.0203125 0.05078125
1 0.575 0.3984375 0.01875 0.05078125
1 0.5578125 0.3984375 0.01875 0.033203125
1 0.540625 0.3984375 0.01875 0.044921875
1 0.5125 0.40234375 0.01875 0.0546875
3 0.4328125 0.431640625 0.0328125 0.025390625
1 0.25 0.42578125 0.01875 0.03515625
1 0.2296875 0.4140625 0.0203125 0.044921875
1 0.2140625 0.41015625 0.021875 0.052734375
1 0.1953125 0.408203125 0.01875 0.052734375
1 0.178125 0.408203125 0.0203125 0.056640625
3 0.0 0.416015625 0.134375 0.150390625
