3 0.9453125 0.490234375 0.05 0.16015625
3 0.7578125 0.46484375 0.19375 0.119140625
3 0.6890625 0.447265625 0.0546875 0.064453125
3 0.6265625 0.44921875 0.0484375 0.076171875
3 0.609375 0.43359375 0.0625 0.078125
1 0.878125 0.521484375 0.1125 0.380859375
1 0.5046875 0.435546875 0.01875 0.0625
2 0.88125 0.734375 0.090625 0.23046875
3 0.4546875 0.443359375 0.04375 0.046875
3 0.2484375 0.4609375 0.065625 0.05859375
1 0.140625 0.45703125 0.0296875 0.078125
3 0.3 0.4609375 0.0203125 0.0390625
3 0.328125 0.44921875 0.021875 0.02734375
3 0.346875 0.44921875 0.01875 0.0234375
