1 0.709375 0.3828125 0.065625 0.2578125
1 0.8265625 0.3828125 0.040625 0.2265625
3 0.9203125 0.376953125 0.078125 0.05859375
3 0.953125 0.427734375 0.0453125 0.12109375
1 0.8625 0.35546875 0.0921875 0.333984375
1 0.7578125 0.341796875 0.096875 0.359375
1 0.175 0.4609375 0.0203125 0.052734375
1 0.378125 0.435546875 0.021875 0.05859375
1 0.1125 0.46875 0.025 0.03515625
1 0.0953125 0.46484375 0.03125 0.056640625
1 0.6203125 0.42578125 0.03125 0.078125
1 0.565625 0.435546875 0.021875 0.044921875
1 0.5828125 0.431640625 0.01875 0.046875
1 0.546875 0.435546875 0.01875 0.044921875
