3 0.53125 0.435546875 0.04375 0.052734375
3 0.496875 0.416015625 0.0328125 0.033203125
3 0.43125 0.416015625 0.021875 0.029296875
3 0.55 0.4453125 0.065625 0.064453125
1 0.825 0.42578125 0.040625 0.123046875
1 0.05625 0.435546875 0.034375 0.044921875
1 0.2375 0.423828125 0.01875 0.052734375
1 0.325 0.423828125 0.0234375 0.04296875
1 0.0234375 0.4609375 0.0296875 0.099609375
1 0.0078125 0.458984375 0.03125 0.099609375
1 0.95625 0.423828125 0.021875 0.107421875
2 0.190625 0.46875 0.0265625 0.03515625
