2 0.203125 0.62890625 0.059375 0.140625
1 0.875 0.578125 0.121875 0.369140625
1 0.190625 0.484375 0.1015625 0.193359375
3 0.0 0.494140625 0.1734375 0.193359375
3 0.2328125 0.474609375 0.09375 0.1171875
3 0.3421875 0.4453125 0.0703125 0.068359375
3 0.4421875 0.443359375 0.04375 0.04296875
3 0.578125 0.431640625 0.028125 0.03125
3 0.6046875 0.45703125 0.0453125 0.064453125
3 0.628125 0.466796875 0.059375 0.076171875
3 0.6515625 0.455078125 0.1609375 0.16796875
3 0.284375 0.466796875 0.0609375 0.08984375
3 0.3796875 0.439453125 0.0453125 0.060546875
3 0.4046875 0.439453125 0.03125 0.05078125
3 0.40625 0.43359375 0.0421875 0.0546875
3 0.4703125 0.43359375 0.0265625 0.02734375
1 0.5125 0.439453125 0.0140625 0.04296875
