1 0.7953125 0.43359375 0.0484375 0.166015625
1 0.7546875 0.443359375 0.046875 0.078125
1 0.8625 0.4375 0.0484375 0.150390625
1 0.9078125 0.439453125 0.0453125 0.08984375
1 0.5625 0.43359375 0.0234375 0.099609375
1 0.4140625 0.4375 0.0296875 0.06640625
1 0.3765625 0.4375 0.021875 0.0703125
3 0.634375 0.47265625 0.1609375 0.146484375
3 0.6140625 0.453125 0.1 0.107421875
3 0.590625 0.4453125 0.05625 0.083984375
3 0.84375 0.474609375 0.153125 0.4375
3 0.040625 0.44921875 0.196875 0.15234375
3 0.478125 0.439453125 0.0171875 0.021484375
3 0.5078125 0.44140625 0.028125 0.025390625
3 0.0703125 0.439453125 0.09375 0.0546875
1 0.353125 0.44140625 0.01875 0.0703125
1 0.3625 0.4296875 0.01875 0.041015625
2 0.41875 0.47265625 0.0234375 0.0390625
