3 0.41875 0.421875 0.0890625 0.1015625
3 0.259375 0.431640625 0.0546875 0.05859375
3 0.334375 0.4375 0.046875 0.046875
3 0.9296875 0.44140625 0.0171875 0.03515625
1 0.9078125 0.44921875 0.0234375 0.087890625
3 0.8890625 0.435546875 0.021875 0.044921875
3 0.84375 0.44140625 0.0359375 0.037109375
1 0.5984375 0.431640625 0.009375 0.021484375
1 0.55 0.431640625 0.009375 0.029296875
1 0.509375 0.43359375 0.0125 0.029296875
1 0.109375 0.43359375 0.0109375 0.0390625
3 0.4046875 0.443359375 0.015625 0.01953125
3 0.3953125 0.447265625 0.0109375 0.01953125
3 0.38125 0.4453125 0.015625 0.021484375
3 0.959375 0.443359375 0.0375 0.056640625
