3 0.0 0.51953125 0.0875 0.240234375
1 0.14375 0.44921875 0.0203125 0.056640625
1 0.5234375 0.431640625 0.0203125 0.056640625
3 0.046875 0.501953125 0.1703125 0.1796875
3 0.159375 0.484375 0.1109375 0.109375
3 0.2515625 0.447265625 0.084375 0.119140625
3 0.3171875 0.4609375 0.046875 0.06640625
3 0.36875 0.431640625 0.0515625 0.05859375
3 0.9421875 0.765625 0.05625 0.23046875
3 0.7453125 0.56640625 0.25 0.294921875
3 0.634375 0.466796875 0.1609375 0.15234375
3 0.6015625 0.474609375 0.075 0.103515625
3 0.5921875 0.458984375 0.0484375 0.08984375
3 0.5765625 0.44140625 0.06875 0.095703125
3 0.415625 0.43359375 0.021875 0.041015625
3 0.5421875 0.435546875 0.0453125 0.056640625
