3 0.7515625 0.44921875 0.246875 0.15625
3 0.5578125 0.42578125 0.1078125 0.091796875
3 0.0875 0.4375 0.071875 0.060546875
3 0.1546875 0.43359375 0.0546875 0.052734375
3 0.2046875 0.43359375 0.0234375 0.046875
3 0.5390625 0.443359375 0.01875 0.056640625
3 0.51875 0.43359375 0.021875 0.0625
3 0.503125 0.43359375 0.0203125 0.0546875
3 0.4875 0.43359375 0.0203125 0.04296875
3 0.471875 0.423828125 0.01875 0.0390625
3 0.4578125 0.42578125 0.0140625 0.029296875
3 0.440625 0.41796875 0.0203125 0.03515625
3 0.421875 0.416015625 0.01875 0.029296875
3 0.4046875 0.4140625 0.0203125 0.02734375
3 0.390625 0.412109375 0.01875 0.025390625
3 0.375 0.412109375 0.0203125 0.025390625
3 0.359375 0.41015625 0.0203125 0.025390625
3 0.3 0.412109375 0.0296875 0.015625
3 0.265625 0.408203125 0.0234375 0.0234375
