3 0.7703125 0.357421875 0.228125 0.353515625
3 0.653125 0.40234375 0.215625 0.236328125
3 0.6140625 0.46484375 0.071875 0.1015625
1 0.603125 0.466796875 0.0125 0.02734375
3 0.5140625 0.4453125 0.0671875 0.076171875
3 0.465625 0.4609375 0.0796875 0.08203125
3 0.4125 0.478515625 0.03125 0.025390625
3 0.36875 0.4765625 0.0421875 0.02734375
3 0.3421875 0.4765625 0.0265625 0.029296875
3 0.2625 0.474609375 0.0609375 0.0703125
3 0.2078125 0.474609375 0.0546875 0.087890625
3 0.0453125 0.439453125 0.1703125 0.1640625
3 0.0 0.416015625 0.078125 0.228515625
