1 0.896875 0.439453125 0.0546875 0.126953125
1 0.0578125 0.466796875 0.0765625 0.296875
2 0.040625 0.61328125 0.0765625 0.177734375
3 0.0 0.494140625 0.065625 0.21875
3 0.153125 0.4765625 0.1359375 0.126953125
3 0.2328125 0.45703125 0.0953125 0.091796875
3 0.4265625 0.431640625 0.0328125 0.03125
3 0.4765625 0.42578125 0.03125 0.033203125
3 0.5453125 0.431640625 0.0421875 0.05078125
3 0.56875 0.447265625 0.0609375 0.060546875
3 0.6953125 0.43359375 0.06875 0.06640625
3 0.7515625 0.435546875 0.065625 0.072265625
3 0.6078125 0.453125 0.1421875 0.130859375
3 0.7609375 0.55859375 0.2375 0.40234375
1 0.4578125 0.42578125 0.021875 0.033203125
1 0.509375 0.42578125 0.01875 0.037109375
3 0.528125 0.421875 0.0359375 0.04296875
3 0.3796875 0.4453125 0.040625 0.041015625
