1 0.0015625 0.427734375 0.06875 0.244140625
2 0.0046875 0.5625 0.06875 0.13671875
1 0.6015625 0.423828125 0.0375 0.150390625
1 0.328125 0.435546875 0.0234375 0.107421875
1 0.3046875 0.41796875 0.028125 0.123046875
1 0.284375 0.4375 0.028125 0.107421875
3 0.9 0.556640625 0.0984375 0.326171875
3 0.7640625 0.447265625 0.23125 0.30078125
3 0.6578125 0.45703125 0.140625 0.12890625
3 0.634375 0.43359375 0.0953125 0.126953125
3 0.534375 0.439453125 0.025 0.02734375
3 0.371875 0.43359375 0.0578125 0.03515625
3 0.3515625 0.462890625 0.0203125 0.068359375
3 0.353125 0.44921875 0.0421875 0.068359375
1 0.4625 0.4375 0.0125 0.03515625
3 0.5703125 0.443359375 0.025 0.033203125
