1 0.1375 0.4609375 0.0203125 0.05859375
1 0.115625 0.44921875 0.021875 0.07421875
1 0.6453125 0.408203125 0.0328125 0.099609375
1 0.615625 0.427734375 0.0328125 0.091796875
3 0.865625 0.3828125 0.1328125 0.060546875
3 0.60625 0.43359375 0.390625 0.21875
1 0.5421875 0.43359375 0.01875 0.05078125
3 0.7125 0.427734375 0.034375 0.0390625
3 0.775 0.400390625 0.0515625 0.0390625
3 0.85 0.392578125 0.0734375 0.041015625
3 0.440625 0.447265625 0.03125 0.02734375
1 0.371875 0.447265625 0.009375 0.03125
1 0.365625 0.4453125 0.0109375 0.03125
1 0.590625 0.427734375 0.0234375 0.06640625
1 0.5671875 0.427734375 0.0234375 0.0703125
