3 0.2015625 0.416015625 0.10625 0.037109375
3 0.0015625 0.45703125 0.1796875 0.2109375
3 0.1453125 0.453125 0.14375 0.138671875
3 0.2515625 0.455078125 0.08125 0.1015625
3 0.30625 0.443359375 0.0765625 0.095703125
3 0.3671875 0.443359375 0.0421875 0.07421875
3 0.390625 0.43359375 0.0375 0.07421875
3 0.425 0.43359375 0.046875 0.052734375
3 0.74375 0.44140625 0.140625 0.1015625
3 0.8125 0.458984375 0.103125 0.1015625
3 0.8953125 0.431640625 0.078125 0.138671875
1 0.9265625 0.41796875 0.071875 0.328125
1 0.6921875 0.4453125 0.0421875 0.154296875
1 0.640625 0.44921875 0.021875 0.04296875
1 0.615625 0.435546875 0.01875 0.0390625
1 0.1453125 0.412109375 0.040625 0.056640625
3 0.4625 0.44140625 0.025 0.033203125
3 0.46875 0.4296875 0.028125 0.03515625
3 0.7421875 0.453125 0.0703125 0.05859375
3 0.7125 0.44921875 0.065625 0.06640625
3 0.4953125 0.4375 0.0140625 0.021484375
3 0.578125 0.439453125 0.0296875 0.033203125
1 0.6828125 0.4375 0.021875 0.06640625
