2 0.9421875 0.45703125 0.05625 0.16796875
2 0.703125 0.482421875 0.053125 0.09375
2 0.840625 0.501953125 0.0890625 0.140625
1 0.58125 0.41796875 0.0203125 0.0546875
2 0.63125 0.48046875 0.025 0.03515625
1 0.440625 0.435546875 0.015625 0.05078125
3 0.121875 0.443359375 0.1 0.076171875
3 0.2296875 0.447265625 0.0578125 0.05078125
1 0.015625 0.45703125 0.021875 0.044921875
2 0.7671875 0.486328125 0.0640625 0.08984375
2 0.6171875 0.470703125 0.0140625 0.048828125
2 0.5875 0.46875 0.028125 0.060546875
3 0.2890625 0.443359375 0.028125 0.04296875
1 0.31875 0.4375 0.009375 0.029296875
2 0.3171875 0.46484375 0.009375 0.025390625
3 0.3265625 0.4453125 0.0171875 0.037109375
3 0.3421875 0.44921875 0.015625 0.0234375
2 0.065625 0.478515625 0.0234375 0.064453125
2 0.03125 0.494140625 0.040625 0.052734375
1 0.0515625 0.447265625 0.009375 0.03515625
1 0.0 0.43359375 0.0203125 0.0859375
