3 0.85625 0.40625 0.1421875 0.326171875
3 0.653125 0.412109375 0.2453125 0.212890625
3 0.596875 0.4453125 0.103125 0.12109375
3 0.5625 0.453125 0.071875 0.0859375
3 0.0890625 0.451171875 0.1140625 0.08984375
3 0.4875 0.458984375 0.0171875 0.029296875
3 0.3265625 0.45703125 0.0234375 0.037109375
2 0.4875 0.48046875 0.0453125 0.03125
1 0.50625 0.453125 0.01875 0.03515625
3 0.4734375 0.453125 0.01875 0.037109375
3 0.459375 0.453125 0.0203125 0.03125
3 0.4421875 0.45703125 0.0203125 0.0234375
3 0.378125 0.45703125 0.01875 0.02734375
3 0.365625 0.458984375 0.01875 0.025390625
3 0.340625 0.453125 0.028125 0.03515625
3 0.2875 0.458984375 0.046875 0.041015625
