3 0.6703125 0.509765625 0.3125 0.19921875
3 0.853125 0.462890625 0.08125 0.056640625
3 0.7671875 0.466796875 0.0703125 0.0546875
3 0.6734375 0.4609375 0.084375 0.0625
1 0.653125 0.453125 0.021875 0.076171875
1 0.6265625 0.455078125 0.0234375 0.0703125
3 0.9140625 0.60546875 0.08125 0.203125
3 0.1828125 0.44140625 0.0796875 0.064453125
3 0.1328125 0.447265625 0.0578125 0.05078125
3 0.084375 0.443359375 0.059375 0.046875
3 0.5953125 0.4765625 0.0375 0.04296875
3 0.025 0.43359375 0.06875 0.05859375
3 0.0 0.435546875 0.040625 0.060546875
3 0.4296875 0.42578125 0.0421875 0.02734375
3 0.334375 0.41796875 0.05 0.03515625
