1 0.7078125 0.443359375 0.021875 0.09375
1 0.6578125 0.44140625 0.025 0.09765625
1 0.4234375 0.4375 0.021875 0.05859375
1 0.396875 0.439453125 0.0203125 0.05078125
3 0.309375 0.455078125 0.0578125 0.05859375
3 0.1875 0.43359375 0.11875 0.119140625
3 0.0421875 0.4296875 0.15 0.17578125
3 0.0015625 0.455078125 0.0953125 0.181640625
3 0.7234375 0.439453125 0.1078125 0.12109375
3 0.790625 0.462890625 0.121875 0.125
3 0.88125 0.458984375 0.1171875 0.138671875
3 0.9328125 0.501953125 0.0625 0.115234375
1 0.50625 0.44140625 0.0140625 0.029296875
1 0.5171875 0.44140625 0.0125 0.029296875
3 0.4796875 0.443359375 0.0296875 0.033203125
1 0.446875 0.439453125 0.0125 0.029296875
3 0.375 0.443359375 0.0328125 0.046875
3 0.3421875 0.4453125 0.046875 0.052734375
3 0.2828125 0.447265625 0.040625 0.07421875
3 0.5890625 0.443359375 0.0265625 0.0390625
3 0.63125 0.447265625 0.025 0.056640625
1 0.865625 0.44140625 0.015625 0.0234375
1 0.8546875 0.435546875 0.01875 0.029296875
1 0.8234375 0.44140625 0.021875 0.033203125
3 0.934375 0.42578125 0.0609375 0.0390625
