1 0.971875 0.42578125 0.0265625 0.171875
1 0.5921875 0.431640625 0.021875 0.060546875
1 0.4453125 0.4296875 0.0265625 0.0546875
1 0.3625 0.423828125 0.025 0.0625
1 0.6234375 0.435546875 0.021875 0.060546875
3 0.5140625 0.443359375 0.0265625 0.025390625
1 0.340625 0.4296875 0.01875 0.041015625
2 0.83125 0.5 0.0703125 0.2265625
1 0.7453125 0.447265625 0.0203125 0.05078125
2 0.928125 0.58984375 0.053125 0.12890625
2 0.7828125 0.5390625 0.0328125 0.091796875
2 0.740625 0.521484375 0.046875 0.103515625
