1 0.6203125 0.4375 0.0296875 0.10546875
3 0.153125 0.447265625 0.078125 0.078125
3 0.0578125 0.439453125 0.1203125 0.11328125
3 0.0015625 0.421875 0.0625 0.14453125
2 0.6234375 0.5 0.0203125 0.05859375
2 0.3734375 0.466796875 0.0453125 0.02734375
3 0.4140625 0.439453125 0.021875 0.03125
3 0.428125 0.44140625 0.01875 0.0234375
1 0.38125 0.43359375 0.03125 0.0390625
3 0.48125 0.44140625 0.021875 0.025390625
3 0.446875 0.4453125 0.021875 0.021484375
1 0.515625 0.435546875 0.01875 0.03515625
1 0.5390625 0.439453125 0.015625 0.029296875
