3 0.0 0.46875 0.0734375 0.220703125
3 0.1625 0.46484375 0.15 0.12109375
3 0.284375 0.4453125 0.0796875 0.1015625
3 0.359375 0.470703125 0.046875 0.041015625
3 0.378125 0.4609375 0.05 0.046875
3 0.59375 0.455078125 0.0921875 0.103515625
3 0.63125 0.4765625 0.103125 0.103515625
3 0.696875 0.498046875 0.240625 0.1953125
2 0.6546875 0.509765625 0.0828125 0.095703125
2 0.5703125 0.505859375 0.025 0.068359375
2 0.5078125 0.4921875 0.0234375 0.0703125
1 0.5640625 0.443359375 0.0328125 0.12109375
1 0.503125 0.435546875 0.0375 0.11328125
3 0.421875 0.466796875 0.025 0.033203125
3 0.4265625 0.45703125 0.034375 0.0390625
3 0.4671875 0.46484375 0.021875 0.0234375
