3 0.734375 0.4375 0.1421875 0.14453125
3 0.828125 0.462890625 0.1546875 0.15234375
3 0.95625 0.490234375 0.0421875 0.14453125
3 0.2828125 0.4453125 0.0671875 0.068359375
3 0.2421875 0.439453125 0.04375 0.09375
3 0.1140625 0.4296875 0.1453125 0.126953125
3 0.0 0.42578125 0.1171875 0.208984375
3 0.4625 0.4375 0.0359375 0.033203125
1 0.7171875 0.44140625 0.0265625 0.107421875
1 0.6640625 0.44140625 0.028125 0.107421875
1 0.3984375 0.431640625 0.025 0.064453125
1 0.3703125 0.435546875 0.0234375 0.060546875
1 0.86875 0.4375 0.0203125 0.037109375
3 0.596875 0.4375 0.0234375 0.0390625
3 0.6296875 0.455078125 0.0265625 0.0546875
3 0.6453125 0.44140625 0.025 0.060546875
3 0.5875 0.435546875 0.0203125 0.046875
3 0.3140625 0.44140625 0.0484375 0.0546875
1 0.50625 0.439453125 0.0125 0.029296875
1 0.49375 0.4375 0.0140625 0.03515625
1 0.4265625 0.439453125 0.0125 0.037109375
3 0.696875 0.462890625 0.0265625 0.060546875
